Samples	SBS96A	SBS96B	SBS96C	SBS96D
CRUK0001_SU_T1-R1	154	7	8	131
CRUK0001_SU_T1-R2	144	4	2	89
CRUK0001_SU_T1-R3	69	38	153	0
CRUK0002_SU_T1-R1	106	61	134	49
CRUK0002_SU_T1-R2	141	66	115	33
CRUK0002_SU_T1-R3	48	1	58	106
CRUK0003_SU_T1-R1	542	78	17	25
CRUK0003_SU_T1-R2	164	0	0	155
CRUK0003_SU_T1-R3	169	0	0	167
CRUK0003_SU_T1-R4	349	28	49	36
CRUK0003_SU_T1-R6	121	39	0	144
CRUK0004_SU_T1-R1	134	35	18	126
CRUK0004_SU_T1-R2	75	18	0	14
CRUK0004_SU_T1-R3	203	40	17	39
CRUK0004_SU_T1-R4	118	36	6	26
CRUK0005_SU_T1-R1	82	84	24	22
CRUK0005_SU_T1-R2	161	157	30	24
CRUK0005_SU_T1-R3	106	161	10	13
CRUK0005_SU_T1-R4	176	144	36	20
CRUK0006_SU_T1-R1	97	25	277	7
CRUK0006_SU_T1-R2	104	75	274	0
CRUK0007_SU_T1-R1	60	0	17	7
CRUK0007_SU_T1-R2	100	56	84	12
CRUK0008_SU_T1-R1	190	32	18	43
CRUK0008_SU_T1-R2	163	36	122	27
CRUK0009_SU_T1-R1	3776	190	302	92
CRUK0009_SU_T1-R2	1474	92	120	40
CRUK0009_SU_T1-R3	365	98	121	9
CRUK0009_SU_T1-R4	1260	122	206	28
CRUK0010_SU_T1-R1	1974	263	294	76
CRUK0010_SU_T1-R2	699	67	106	192
CRUK0011_SU_T1-R1	76	165	31	11
CRUK0011_SU_T1-R2	83	158	62	15
CRUK0011_SU_T1-R3	260	54	69	46
CRUK0012_SU_T1-R1	308	34	44	2
CRUK0012_SU_T1-R2	108	0	23	0
CRUK0013_SU_T1-R1	546	131	53	84
CRUK0013_SU_T1-R2	393	79	41	81
CRUK0013_SU_T1-R3	2159	207	104	47
CRUK0014_SU_T1-R1	141	39	29	18
CRUK0014_SU_T1-R2	62	6	13	71
CRUK0015_SU_T1-R1	262	90	31	34
CRUK0015_SU_T1-R2	156	29	7	20
CRUK0016_SU_T1-R1	1468	134	129	179
CRUK0016_SU_T1-R2	0	0	879	0
CRUK0017_SU_T1-R1	366	51	15	3
CRUK0017_SU_T1-R2	65	139	71	18
CRUK0017_SU_T1-R3	88	252	113	22
CRUK0017_SU_T1-R4	60	204	119	93
CRUK0018_SU_T1-R1	89	139	29	177
CRUK0018_SU_T1-R2	454	136	48	67
CRUK0018_SU_T1-R3	59	156	28	36
CRUK0018_SU_T1-R4	56	167	51	29
CRUK0019_SU_T1-R1	216	60	96	52
CRUK0019_SU_T1-R2	2095	79	196	215
CRUK0020_SU_T1-R1	0	550	591	0
CRUK0020_SU_T1-R2	56	400	75	43
CRUK0021_SU_T1-R1	98	19	5	6
CRUK0021_SU_T1-R2	123	39	31	38
CRUK0022_SU_T1-R1	649	83	71	96
CRUK0022_SU_T1-R2	139	28	57	98
CRUK0023_SU_T1-R1	119	61	14	8
CRUK0023_SU_T1-R2	158	77	37	30
CRUK0023_SU_T1-R3	164	87	28	22
CRUK0023_SU_T1-R4	75	14	7	7
CRUK0024_SU_T1-R1	113	224	6	12
CRUK0024_SU_T1-R2	36	0	0	0
CRUK0024_SU_T1-R3	562	232	57	33
CRUK0024_SU_T1-R4	234	280	76	23
CRUK0024_SU_T1-R6	337	272	55	20
CRUK0025_SU_T1-R1	1318	132	152	45
CRUK0025_SU_T1-R2	2465	207	286	88
CRUK0025_SU_T1-R3	1062	64	77	32
CRUK0026_SU_T1-R1	136	24	28	13
CRUK0026_SU_T1-R2	198	39	32	143
CRUK0027_SU_T1-R1	9	0	0	36
CRUK0027_SU_T1-R2	1	185	120	26
CRUK0027_SU_T1-R3	16	2	5	4
CRUK0028_SU_T1-R1	210	7	7	57
CRUK0028_SU_T1-R2	176	24	13	15
CRUK0029_SU_T1-R1	80	19	4	23
CRUK0029_SU_T1-R2	132	49	72	37
CRUK0029_SU_T1-R4	844	89	146	44
CRUK0029_SU_T1-R5	248	14	9	7
CRUK0029_SU_T1-R6	709	89	177	50
CRUK0029_SU_T1-R7	60	43	41	81
CRUK0029_SU_T1-R8	604	19	46	30
CRUK0030_SU_T2-R1	0	71	88	81
CRUK0030_SU_T2-R2	179	21	22	43
CRUK0030_SU_T2-R3	193	18	29	120
CRUK0031_SU_T1-R1	1628	215	147	65
CRUK0031_SU_T1-R2	869	235	118	68
CRUK0031_SU_T1-R3	1116	391	139	270
CRUK0032_SU_T1-R1	13	25	12	203
CRUK0032_SU_T1-R2	225	134	135	61
CRUK0032_SU_T1-R3	231	34	14	165
CRUK0032_SU_T1-R4	184	243	75	53
CRUK0033_SU_T1-R1	300	40	44	32
CRUK0033_SU_T1-R2	324	46	38	160
CRUK0034_SU_T1-R1	101	0	0	113
CRUK0034_SU_T1-R2	162	311	33	50
CRUK0034_SU_T1-R3	388	44	42	13
CRUK0035_SU_T1-R1	53	33	3	34
CRUK0035_SU_T1-R2	36	0	0	142
CRUK0035_SU_T1-R3	116	31	17	4
CRUK0036_SU_T1-R1	118	8	13	4
CRUK0036_SU_T1-R2	344	89	101	53
CRUK0036_SU_T1-R3	228	19	23	5
CRUK0036_SU_T1-R4	133	27	36	4
CRUK0037_SU_T1-R1	475	121	127	29
CRUK0037_SU_T1-R2	198	147	45	44
CRUK0037_SU_T1-R3	340	37	27	3
CRUK0037_SU_T1-R4	294	72	85	30
CRUK0037_SU_T1-R5	428	73	115	21
CRUK0038_SU_T1-R1	29	16	56	207
CRUK0038_SU_T1-R2	55	13	11	180
CRUK0039_SU_T1-R1	74	263	212	24
CRUK0039_SU_T1-R2	124	298	152	25
CRUK0039_SU_T1-R3	156	236	159	38
CRUK0040_SU_T1-R1	101	17	23	1
CRUK0040_SU_T1-R2	97	74	38	10
CRUK0041_SU_T1-R1	486	94	90	46
CRUK0041_SU_T1-R2	414	68	41	132
CRUK0041_SU_T1-R3	878	103	67	41
CRUK0041_SU_T1-R4	171	0	0	85
CRUK0042_SU_T1-R1	66	25	2	17
CRUK0042_SU_T1-R2	27	1	6	4
CRUK0043_SU_T1-R1	238	23	72	166
CRUK0043_SU_T1-R2	278	63	171	178
CRUK0044_SU_T1-R1	0	143	0	30
CRUK0044_SU_T1-R2	14	0	0	0
CRUK0045_SU_T1-R1	31	4	6	56
CRUK0045_SU_T1-R2	47	0	0	89
CRUK0045_SU_T1-R3	58	8	29	16
CRUK0046_SU_T1-R1	450	55	29	18
CRUK0046_SU_T1-R2	110	77	24	29
CRUK0046_SU_T1-R3	225	65	55	34
CRUK0046_SU_T1-R4	219	56	63	37
CRUK0047_SU_T1-R1	185	0	50	0
CRUK0047_SU_T1-R2	397	33	71	97
CRUK0048_SU_T1-R1	0	0	0	272
CRUK0048_SU_T1-R2	933	61	70	17
CRUK0048_SU_T1-R3	489	0	0	352
CRUK0049_SU_T1-R1	46	338	173	143
CRUK0049_SU_T1-R2	131	326	178	26
CRUK0050_SU_T1-R1	145	36	5	35
CRUK0050_SU_T1-R2	141	49	19	42
CRUK0050_SU_T1-R3	90	47	23	34
CRUK0050_SU_T1-R4	43	5	2	3
CRUK0050_SU_T1-R5	123	34	32	49
CRUK0051_SU_T1-R2	119	156	55	39
CRUK0051_SU_T1-R3	522	114	110	32
CRUK0051_SU_T1-R4	61	164	34	50
CRUK0052_SU_T1-R1	175	344	150	40
CRUK0052_SU_T1-R2	50	106	73	31
CRUK0052_SU_T1-R3	0	0	44	148
CRUK0052_SU_T1-R4	31	283	153	4
CRUK0053_SU_T1-R1	859	734	78	81
CRUK0053_SU_T1-R2	1646	528	220	115
CRUK0054_SU_T1-R1	102	80	57	37
CRUK0054_SU_T1-R2	338	42	20	33
CRUK0055_SU_T1-R1	38	7	6	101
CRUK0055_SU_T1-R2	313	59	133	201
CRUK0055_SU_T1-R3	10	214	83	31
CRUK0055_SU_T1-R4	66	283	0	0
CRUK0056_SU_T1-R1	99	26	52	100
CRUK0056_SU_T1-R2	248	21	43	11
CRUK0056_SU_T1-R3	156	122	103	23
CRUK0057_SU_T1-R1	202	313	43	54
CRUK0057_SU_T1-R2	213	0	0	431
CRUK0058_SU_T1-R1	602	75	37	43
CRUK0058_SU_T1-R2	537	92	86	57
CRUK0059_SU_T1-R1	89	23	20	16
CRUK0059_SU_T1-R2	77	23	39	16
CRUK0060_SU_T1-R1	41	581	27	31
CRUK0060_SU_T1-R2	39	108	8	36
CRUK0061_SU_T1-R1	484	78	44	92
CRUK0061_SU_T1-R2	47	8	0	0
CRUK0062_SU_T1-R1	1516	107	127	62
CRUK0062_SU_T1-R2	1769	185	260	31
CRUK0062_SU_T1-R3	1365	133	162	33
CRUK0062_SU_T1-R4	2206	128	200	76
CRUK0062_SU_T1-R5	688	54	104	44
CRUK0062_SU_T1-R6	174	34	64	16
CRUK0062_SU_T1-R7	2398	194	285	74
CRUK0063_SU_T1-R3	51	22	31	94
CRUK0063_SU_T1-R4	210	40	105	17
CRUK0063_SU_T1-R5	265	50	123	22
CRUK0063_SU_T1-R6	29	0	0	67
CRUK0063_SU_T1-R7	59	0	0	0
CRUK0064_SU_T1-R1	93	52	93	19
CRUK0064_SU_T1-R2	67	20	9	10
CRUK0065_SU_T1-R1	1394	116	170	23
CRUK0065_SU_T1-R2	1106	127	126	42
CRUK0065_SU_T1-R3	343	86	141	18
CRUK0065_SU_T1-R4	520	92	142	42
CRUK0065_SU_T1-R5	642	89	194	13
CRUK0065_SU_T1-R6	967	104	153	7
CRUK0065_SU_T1-R7	94	80	28	0
CRUK0066_SU_T1-R1	91	42	185	126
CRUK0066_SU_T1-R2	84	22	5	2
CRUK0066_SU_T1-R3	34	66	59	21
CRUK0066_SU_T1-R4	603	121	282	128
CRUK0067_SU_T1-R1	297	85	203	233
CRUK0067_SU_T1-R3	600	120	318	104
CRUK0068_SU_T1-R1	121	182	101	11
CRUK0068_SU_T1-R2	57	0	0	49
CRUK0068_SU_T1-R3	113	169	82	47
CRUK0068_SU_T1-R4	51	99	62	27
CRUK0069_SU_T1-R1	203	174	37	23
CRUK0069_SU_T1-R2	150	161	48	27
CRUK0069_SU_T1-R3	283	16	9	77
CRUK0069_SU_T1-R4	199	159	14	16
CRUK0069_SU_T1-R5	175	160	42	38
CRUK0070_SU_T1-R1	2198	210	204	232
CRUK0070_SU_T1-R2	1621	151	91	248
CRUK0070_SU_T1-R4	835	203	196	69
CRUK0070_SU_T1-R6	751	134	207	87
CRUK0070_SU_T1-R7	0	0	0	174
CRUK0071_SU_T1-R1	1287	112	154	25
CRUK0071_SU_T1-R2	323	86	36	16
CRUK0071_SU_T1-R3	461	29	44	10
CRUK0071_SU_T1-R5	0	0	0	104
CRUK0071_SU_T1-R6	189	88	50	9
CRUK0071_SU_T1-R7	1127	122	122	35
CRUK0072_SU_T1-R1	556	118	88	60
CRUK0072_SU_T1-R2	1810	170	141	66
CRUK0072_SU_T1-R3	126	44	80	46
CRUK0072_SU_T1-R4	1686	158	132	45
CRUK0073_SU_T1-R1	2521	335	441	63
CRUK0073_SU_T1-R2	588	115	150	35
CRUK0074_SU_T1-R1	443	65	432	29
CRUK0074_SU_T1-R2	101	62	158	31
CRUK0074_SU_T1-R3	43	41	80	31
CRUK0075_SU_T1-R1	59	172	75	34
CRUK0075_SU_T1-R2	704	143	212	25
CRUK0076_SU_T1-R1	830	92	46	116
CRUK0076_SU_T1-R2	1039	232	108	26
CRUK0076_SU_T1-R3	485	285	58	32
CRUK0076_SU_T1-R4	682	246	58	15
CRUK0077_SU_T1-R1	246	90	60	31
CRUK0077_SU_T1-R2	1229	39	95	53
CRUK0077_SU_T1-R3	2879	189	221	147
CRUK0078_SU_T1-R2	216	0	0	97
CRUK0078_SU_T1-R3	27	0	0	131
CRUK0078_SU_T1-R4	78	3	2	4
CRUK0079_SU_T1-R1	505	43	36	38
CRUK0079_SU_T1-R2	794	110	92	27
CRUK0079_SU_T1-R3	831	112	159	55
CRUK0079_SU_T1-R4	880	110	110	40
CRUK0080_SU_T1-R2	36	37	14	94
CRUK0080_SU_T1-R3	136	0	0	44
CRUK0080_SU_T1-R4	176	17	11	69
CRUK0080_SU_T1-R5	177	81	54	21
CRUK0080_SU_T1-R6	143	33	28	120
CRUK0081_SU_T1-R1	73	46	15	9
CRUK0081_SU_T1-R5	255	98	61	26
CRUK0081_SU_T1-R6	39	0	0	4
CRUK0082_SU_T1-R1	716	70	58	0
CRUK0082_SU_T1-R2	461	19	41	3
CRUK0082_SU_T1-R3	232	0	28	0
CRUK0082_SU_T1-R4	774	152	79	62
CRUK0082_SU_T1-R5	255	127	59	41
CRUK0083_SU_T1-R1	1097	136	285	37
CRUK0083_SU_T1-R2	1216	131	376	98
CRUK0083_SU_T1-R3	684	198	355	24
CRUK0083_SU_T1-R4	2406	132	271	235
CRUK0084_SU_T1-R1	729	70	59	11
CRUK0084_SU_T1-R2	707	97	72	37
CRUK0084_SU_T1-R3	354	25	29	83
CRUK0084_SU_T1-R4	516	59	53	5
CRUK0085_SU_T1-R1	69	144	152	13
CRUK0085_SU_T1-R2	202	208	335	18
CRUK0085_SU_T1-R3	57	177	493	28
CRUK0085_SU_T1-R4	461	179	391	30
CRUK0086_SU_T1-R1	74	178	60	36
CRUK0086_SU_T1-R2	405	214	113	45
CRUK0086_SU_T1-R4	25	175	111	32
CRUK0087_SU_T1-R1	38	30	288	48
CRUK0087_SU_T1-R2	35	39	266	20
CRUK0087_SU_T1-R3	69	16	169	7
CRUK0088_SU_T1-R1	108	111	85	13
CRUK0088_SU_T1-R2	291	124	109	47
CRUK0089_SU_T1-R1	17	10	3	5
CRUK0089_SU_T1-R2	6	326	35	23
CRUK0090_SU_T1-R1	941	50	45	119
CRUK0090_SU_T1-R2	1282	246	130	50
CRUK0091_SU_T1-R1	46	2	2	16
CRUK0091_SU_T1-R2	119	65	15	9
CRUK0092_SU_T1-R1	173	51	28	28
CRUK0092_SU_T1-R2	56	21	0	17
CRUK0093_SU_T1-R1	102	20	0	0
CRUK0093_SU_T1-R2	42	221	93	29
CRUK0094_SU_T1-R1	102	17	31	25
CRUK0094_SU_T1-R2	142	47	0	22
CRUK0094_SU_T1-R3	96	33	30	23
CRUK0094_SU_T1-R4	72	17	67	13
CRUK0095_SU_T1-R1	40	48	41	18
CRUK0095_SU_T1-R2	0	0	84	60
CRUK0095_SU_T1-R3	26	57	98	22
CRUK0096_SU_T1-R1	235	155	82	72
CRUK0096_SU_T1-R2	437	4	55	12
CRUK0096_SU_T1-R3	279	38	0	77
CRUK0096_SU_T1-R4	620	203	95	55
CRUK0096_SU_T1-R5	490	175	149	40
CRUK0096_SU_T1-R6	222	153	166	29
CRUK0096_SU_T1-R7	715	118	183	43
CRUK0097_SU_T1-R1	368	26	49	14
CRUK0097_SU_T1-R2	511	113	151	51
CRUK0098_SU_T1-R1	195	14	25	6
CRUK0098_SU_T1-R2	63	233	103	19
CRUK0098_SU_T1-R3	156	274	71	19
CRUK0099_SU_T1-R1	46	10	206	34
CRUK0099_SU_T1-R2	102	21	54	29
CRUK0099_SU_T1-R3	140	43	152	49
CRUK0099_SU_T1-R4	83	7	97	37
CRUK0099_SU_T1-R5	89	15	20	20
CRUK0099_SU_T1-R6	97	13	108	18
CRUK0099_SU_T1-R7	64	14	29	12
CRUK0100_SU_T1-R1	962	83	39	27
CRUK0100_SU_T1-R2	916	70	32	173
CRUK0100_SU_T1-R3	372	131	60	142
