MutationType	SBS1	SBS2	SBS4	SBS5	SBS13	SBS26	SBS43	SBS58
A[C>A]A	0.00029621	0.00000047	0.02776027	0.00905572	0.00149568	0.00079881	0.02253690	0.05136375
A[C>A]C	0.00111799	0.00017540	0.03212834	0.01044832	0.00086903	0.00070859	0.00661084	0.00863332
A[C>A]G	0.00014925	0.00010659	0.02588311	0.00352123	0.00054720	0.00026310	0.00120622	0.00181458
A[C>A]T	0.00043422	0.00008019	0.01969063	0.00506138	0.00029018	0.00057471	0.00160461	0.00493744
A[C>G]A	0.00062185	0.00000000	0.00453242	0.00762189	0.00318036	0.00039071	0.00027579	0.01796423
A[C>G]C	0.00059822	0.00015763	0.00274007	0.00630883	0.00114625	0.00050729	0.00003506	0.00222548
A[C>G]G	0.00009697	0.00003098	0.00212374	0.00327379	0.00054720	0.00015761	0.00853604	0.00371714
A[C>G]T	0.00038672	0.00007478	0.00236955	0.00773373	0.00333543	0.00067591	0.00027441	0.00179624
A[C>T]A	0.00835817	0.00004937	0.00572309	0.02460136	0.00590052	0.00243395	0.00002215	0.07020003
A[C>T]C	0.00309899	0.00163553	0.00403293	0.01981195	0.00000000	0.00340877	0.00014342	0.00864611
A[C>T]G	0.30778283	0.00006664	0.00129913	0.01176280	0.00062804	0.01230095	0.00235078	0.01898160
A[C>T]T	0.00324985	0.00152506	0.00283679	0.01684576	0.00026517	0.00259037	0.00070541	0.00646823
A[T>A]A	0.00016368	0.00004742	0.00379224	0.00340825	0.00000000	0.00085115	0.00715315	0.01307498
A[T>A]C	0.00083187	0.00079163	0.00259099	0.00583518	0.00005979	0.00359379	0.00322213	0.00142061
A[T>A]G	0.00039408	0.00002131	0.00843419	0.00711618	0.00050134	0.00059132	0.00112958	0.00422888
A[T>A]T	0.00004245	0.00000000	0.00192176	0.00324667	0.00034558	0.00194928	0.00226893	0.00530697
A[T>C]A	0.00022301	0.00003051	0.00320046	0.02133620	0.00096058	0.04748542	0.00000415	0.04296065
A[T>C]C	0.00113403	0.00001938	0.00052480	0.01128304	0.00013021	0.02664717	0.02668063	0.00479698
A[T>C]G	0.00003664	0.00001103	0.00340088	0.02980682	0.00036368	0.07426962	0.00046289	0.00608633
A[T>C]T	0.00133164	0.00008691	0.00071210	0.02005606	0.00054688	0.02361996	0.00466509	0.00493784
A[T>G]A	0.00003519	0.00011770	0.00042270	0.00178263	0.00003088	0.00163511	0.00122959	0.00720458
A[T>G]C	0.00007722	0.00006726	0.00011670	0.00218925	0.00000000	0.00258304	0.00346933	0.00076674
A[T>G]G	0.00009264	0.00000171	0.00096585	0.00619545	0.00007011	0.00216659	0.02756818	0.00244355
A[T>G]T	0.00002598	0.00000211	0.00009860	0.00252926	0.00018248	0.00376522	0.00298990	0.00125867
C[C>A]A	0.00014915	0.00024033	0.07590796	0.00801739	0.00164512	0.00184481	0.00724249	0.00770606
C[C>A]C	0.00107729	0.00013862	0.09437938	0.00834099	0.00143202	0.00248723	0.00011275	0.00287276
C[C>A]G	0.00012302	0.00000000	0.06364009	0.01031029	0.00001405	0.00130796	0.00007721	0.00502745
C[C>A]T	0.00000000	0.00049524	0.06607579	0.00712965	0.00000000	0.00951067	0.00000000	0.00248817
C[C>G]A	0.00001152	0.00000000	0.00736505	0.00751023	0.00659221	0.00047625	0.00002283	0.00099007
C[C>G]C	0.00004621	0.00051058	0.00813534	0.01232129	0.00095862	0.00053039	0.00029155	0.00200936
C[C>G]G	0.00046469	0.00015539	0.00883169	0.00741984	0.00158358	0.00015065	0.00766230	0.00017604
C[C>G]T	0.00000000	0.00007481	0.00653097	0.01046927	0.00765646	0.00083252	0.00094864	0.00158684
C[C>T]A	0.00095610	0.00499154	0.01194586	0.02093369	0.00002268	0.00221116	0.00000832	0.01008771
C[C>T]C	0.00016250	0.00024729	0.01361810	0.02581087	0.00199713	0.00466149	0.00000000	0.01557258
C[C>T]G	0.25875006	0.00883855	0.00859791	0.05214745	0.00645762	0.01206787	0.00029316	0.02751323
C[C>T]T	0.00009539	0.00170568	0.01532192	0.02537672	0.00173467	0.00219784	0.00082742	0.03516440
C[T>A]A	0.00001100	0.00015027	0.00724918	0.00204437	0.00013144	0.00066103	0.00079511	0.00165504
C[T>A]C	0.00018560	0.00027852	0.01133671	0.00553254	0.00039702	0.00187419	0.00001306	0.02747022
C[T>A]G	0.00016876	0.00018758	0.03330862	0.00589035	0.00028936	0.00162517	0.00035231	0.00116571
C[T>A]T	0.00010083	0.00000000	0.00900399	0.00376402	0.00049855	0.00068141	0.00017989	0.00131500
C[T>C]A	0.00000000	0.00018675	0.00260769	0.00768083	0.00002981	0.03641238	0.00159021	0.00261603
C[T>C]C	0.00118067	0.00003253	0.00219300	0.01108640	0.00014163	0.04032750	0.11331234	0.01170256
C[T>C]G	0.00018751	0.00000000	0.00563684	0.02445496	0.00000000	0.11219349	0.01100971	0.00805672
C[T>C]T	0.00001652	0.00017434	0.00195341	0.01304276	0.00010676	0.05890679	0.00837424	0.02852542
C[T>G]A	0.00000908	0.00009461	0.00043797	0.00149574	0.00002604	0.00099434	0.00159606	0.00033568
C[T>G]C	0.00010012	0.00017693	0.00040979	0.00491426	0.00000327	0.00638519	0.00783474	0.00128112
C[T>G]G	0.00006667	0.00015233	0.00388430	0.00720716	0.00000000	0.00792625	0.05534611	0.00094969
C[T>G]T	0.00006631	0.00019028	0.00091566	0.00639007	0.00005291	0.00827879	0.00000000	0.00047846
G[C>A]A	0.00076269	0.00010057	0.03001346	0.01111372	0.00112603	0.00065528	0.01025824	0.00344992
G[C>A]C	0.00021663	0.00000000	0.04375626	0.01103450	0.00070842	0.00116481	0.00246779	0.00180018
G[C>A]G	0.00076850	0.00004398	0.03941303	0.00691504	0.00052777	0.00046223	0.00052952	0.00932269
G[C>A]T	0.00000000	0.00006416	0.02162697	0.00798131	0.00007838	0.00115931	0.00164678	0.00047332
G[C>G]A	0.00000463	0.00007630	0.00502441	0.00509924	0.00177981	0.00052185	0.01500129	0.00266928
G[C>G]C	0.00010480	0.00040312	0.00722984	0.00732749	0.00075240	0.00101265	0.02219552	0.00248358
G[C>G]G	0.00021733	0.00000000	0.00850085	0.00446227	0.00077557	0.00026440	0.03829298	0.00583949
G[C>G]T	0.00000000	0.00016792	0.00310123	0.00786429	0.00344095	0.00043279	0.02132520	0.00146054
G[C>T]A	0.00214324	0.00000000	0.00388465	0.02113786	0.00851938	0.00363313	0.00084493	0.00853668
G[C>T]C	0.00005929	0.00000020	0.00560784	0.03115624	0.00144669	0.00953185	0.00000000	0.00525051
G[C>T]G	0.28540695	0.00000000	0.00124164	0.03634827	0.00057283	0.02393561	0.00002889	0.02513369
G[C>T]T	0.00001991	0.00006316	0.00388673	0.02176722	0.00161852	0.00706657	0.00220360	0.00680233
G[T>A]A	0.00002656	0.00000000	0.00593440	0.00270983	0.00000539	0.00070101	0.00461950	0.00176623
G[T>A]C	0.00006586	0.00016165	0.00361632	0.00335341	0.00016314	0.00160687	0.00155159	0.00083362
G[T>A]G	0.00010909	0.00006838	0.01143006	0.00411386	0.00005123	0.00073790	0.00455985	0.02359595
G[T>A]T	0.00008452	0.00004973	0.00355829	0.00238116	0.00028830	0.00074780	0.00098069	0.00236707
G[T>C]A	0.00034347	0.00000000	0.00186657	0.01041106	0.00023077	0.07475697	0.00000000	0.00186008
G[T>C]C	0.00097001	0.00003381	0.00118535	0.00914986	0.00022840	0.03465255	0.02554870	0.00103870
G[T>C]G	0.00051883	0.00011468	0.00206788	0.01501408	0.00021255	0.08641254	0.00121596	0.01283897
G[T>C]T	0.00002335	0.00000990	0.00048669	0.01013101	0.00000000	0.04949491	0.00038779	0.00172617
G[T>G]A	0.00000000	0.00016525	0.00038490	0.00186070	0.00007052	0.00122655	0.04567175	0.00688572
G[T>G]C	0.00000000	0.00016412	0.00025415	0.00197056	0.00000000	0.00169071	0.08819551	0.00358217
G[T>G]G	0.00015432	0.00003976	0.00212023	0.00530497	0.00046435	0.00285210	0.24420528	0.02706595
G[T>G]T	0.00000478	0.00000000	0.00016244	0.00173780	0.00000233	0.00542471	0.05584722	0.01444172
T[C>A]A	0.00002432	0.00057087	0.02894567	0.00655773	0.07177648	0.00094891	0.00532111	0.00710556
T[C>A]C	0.00127590	0.00020722	0.04653811	0.01043844	0.03644498	0.00086955	0.00000619	0.00056432
T[C>A]G	0.00000000	0.00019917	0.02071942	0.00501544	0.02873366	0.00032522	0.00000000	0.00687930
T[C>A]T	0.00000219	0.00039597	0.03025688	0.01067353	0.03249054	0.00142666	0.00000000	0.01427649
T[C>G]A	0.00000000	0.00000000	0.00260366	0.00651601	0.28801448	0.00132523	0.00000373	0.00205357
T[C>G]C	0.00010237	0.00012030	0.00590409	0.00865127	0.07871620	0.00102828	0.00118695	0.00236776
T[C>G]G	0.00006703	0.00009620	0.00347858	0.00372887	0.03277062	0.00024877	0.00324511	0.00158753
T[C>G]T	0.00058084	0.00106192	0.00247623	0.01050544	0.33771861	0.00225209	0.00021355	0.01757854
T[C>T]A	0.00041028	0.47885274	0.00272002	0.01693662	0.00629634	0.00332825	0.00003141	0.00413607
T[C>T]C	0.00001881	0.11860019	0.00693606	0.02618147	0.00555352	0.00349201	0.00000000	0.02012600
T[C>T]G	0.10626823	0.10320721	0.00053414	0.03467197	0.00282587	0.00695387	0.00000000	0.00841643
T[C>T]T	0.00000000	0.26998026	0.00528946	0.01764914	0.00129962	0.00217057	0.00071128	0.17384302
T[T>A]A	0.00145464	0.00022079	0.00378216	0.00308309	0.00015750	0.00066946	0.00003773	0.00671898
T[T>A]C	0.00000000	0.00017893	0.00326981	0.00360310	0.00021988	0.00132964	0.00082643	0.00090313
T[T>A]G	0.00000911	0.00003942	0.00611034	0.00351951	0.00015043	0.00024767	0.00003823	0.00070389
T[T>A]T	0.00053482	0.00011778	0.00262845	0.00469464	0.00003623	0.00085223	0.00000000	0.00905205
T[T>C]A	0.00005520	0.00000000	0.00102646	0.00879487	0.00001176	0.02506031	0.00006777	0.00186889
T[T>C]C	0.00130709	0.00004054	0.00038160	0.00845074	0.00002360	0.03313556	0.03163009	0.01971203
T[T>C]G	0.00013542	0.00009205	0.00111446	0.00933149	0.00007986	0.02699474	0.00002067	0.00183401
T[T>C]T	0.00102923	0.00002057	0.00029745	0.00992581	0.00031025	0.03734183	0.00099941	0.01984012
T[T>G]A	0.00000000	0.00000874	0.00016057	0.00255051	0.00009790	0.00084719	0.00010091	0.00045057
T[T>G]C	0.00002124	0.00006561	0.00013201	0.00570925	0.00000000	0.00181507	0.00726875	0.00159909
T[T>G]G	0.00018978	0.00007506	0.00148595	0.00509926	0.00002937	0.00253020	0.01695949	0.00572278
T[T>G]T	0.00000000	0.00000000	0.00026565	0.00724316	0.00001104	0.00614774	0.00071697	0.01345408
