Samples	SBS96A	SBS96B	SBS96C
CRUK0001_SU_T1-R1	157	2	141
CRUK0001_SU_T1-R2	144	0	95
CRUK0001_SU_T1-R3	83	175	2
CRUK0002_SU_T1-R1	121	171	58
CRUK0002_SU_T1-R2	155	159	41
CRUK0002_SU_T1-R3	53	47	113
CRUK0003_SU_T1-R1	563	74	25
CRUK0003_SU_T1-R2	157	0	162
CRUK0003_SU_T1-R3	162	0	174
CRUK0003_SU_T1-R4	358	64	40
CRUK0003_SU_T1-R6	129	16	159
CRUK0004_SU_T1-R1	139	38	136
CRUK0004_SU_T1-R2	79	13	15
CRUK0004_SU_T1-R3	212	45	42
CRUK0004_SU_T1-R4	126	33	27
CRUK0005_SU_T1-R1	92	96	24
CRUK0005_SU_T1-R2	179	169	24
CRUK0005_SU_T1-R3	123	156	11
CRUK0005_SU_T1-R4	194	162	20
CRUK0006_SU_T1-R1	117	275	14
CRUK0006_SU_T1-R2	128	321	4
CRUK0007_SU_T1-R1	63	13	8
CRUK0007_SU_T1-R2	109	126	17
CRUK0008_SU_T1-R1	197	39	47
CRUK0008_SU_T1-R2	170	148	30
CRUK0009_SU_T1-R1	3863	396	101
CRUK0009_SU_T1-R2	1512	170	44
CRUK0009_SU_T1-R3	382	199	12
CRUK0009_SU_T1-R4	1294	287	35
CRUK0010_SU_T1-R1	2035	487	85
CRUK0010_SU_T1-R2	718	137	209
CRUK0011_SU_T1-R1	92	180	11
CRUK0011_SU_T1-R2	101	200	17
CRUK0011_SU_T1-R3	270	107	52
CRUK0012_SU_T1-R1	318	67	3
CRUK0012_SU_T1-R2	104	27	0
CRUK0013_SU_T1-R1	573	151	90
CRUK0013_SU_T1-R2	410	96	88
CRUK0013_SU_T1-R3	2225	246	46
CRUK0014_SU_T1-R1	148	59	20
CRUK0014_SU_T1-R2	64	12	76
CRUK0015_SU_T1-R1	277	103	37
CRUK0015_SU_T1-R2	162	28	22
CRUK0016_SU_T1-R1	1509	209	192
CRUK0016_SU_T1-R2	143	725	11
CRUK0017_SU_T1-R1	380	53	2
CRUK0017_SU_T1-R2	80	194	19
CRUK0017_SU_T1-R3	115	337	23
CRUK0017_SU_T1-R4	82	294	100
CRUK0018_SU_T1-R1	100	137	197
CRUK0018_SU_T1-R2	479	154	72
CRUK0018_SU_T1-R3	73	168	38
CRUK0018_SU_T1-R4	71	201	31
CRUK0019_SU_T1-R1	230	134	60
CRUK0019_SU_T1-R2	2139	210	236
CRUK0020_SU_T1-R1	144	991	6
CRUK0020_SU_T1-R2	86	445	43
CRUK0021_SU_T1-R1	102	19	7
CRUK0021_SU_T1-R2	130	60	41
CRUK0022_SU_T1-R1	670	125	104
CRUK0022_SU_T1-R2	147	69	106
CRUK0023_SU_T1-R1	127	67	8
CRUK0023_SU_T1-R2	170	99	33
CRUK0023_SU_T1-R3	176	102	23
CRUK0023_SU_T1-R4	78	17	8
CRUK0024_SU_T1-R1	135	212	8
CRUK0024_SU_T1-R2	31	3	2
CRUK0024_SU_T1-R3	601	250	33
CRUK0024_SU_T1-R4	268	323	22
CRUK0024_SU_T1-R6	375	292	17
CRUK0025_SU_T1-R1	1359	236	52
CRUK0025_SU_T1-R2	2531	415	100
CRUK0025_SU_T1-R3	1088	113	34
CRUK0026_SU_T1-R1	141	46	14
CRUK0026_SU_T1-R2	204	54	154
CRUK0027_SU_T1-R1	7	0	38
CRUK0027_SU_T1-R2	21	284	27
CRUK0027_SU_T1-R3	17	6	4
CRUK0028_SU_T1-R1	215	4	62
CRUK0028_SU_T1-R2	182	30	16
CRUK0029_SU_T1-R1	85	16	25
CRUK0029_SU_T1-R2	141	109	40
CRUK0029_SU_T1-R4	867	208	48
CRUK0029_SU_T1-R5	254	17	7
CRUK0029_SU_T1-R6	729	240	56
CRUK0029_SU_T1-R7	66	71	88
CRUK0029_SU_T1-R8	616	50	33
CRUK0030_SU_T2-R1	3	145	92
CRUK0030_SU_T2-R2	185	34	46
CRUK0030_SU_T2-R3	198	32	130
CRUK0031_SU_T1-R1	1685	303	67
CRUK0031_SU_T1-R2	913	305	72
CRUK0031_SU_T1-R3	1180	444	292
CRUK0032_SU_T1-R1	13	18	222
CRUK0032_SU_T1-R2	244	243	68
CRUK0032_SU_T1-R3	237	29	178
CRUK0032_SU_T1-R4	211	287	57
CRUK0033_SU_T1-R1	311	69	36
CRUK0033_SU_T1-R2	335	59	174
CRUK0034_SU_T1-R1	96	0	118
CRUK0034_SU_T1-R2	192	314	50
CRUK0034_SU_T1-R3	400	73	14
CRUK0035_SU_T1-R1	55	30	38
CRUK0035_SU_T1-R2	30	1	147
CRUK0035_SU_T1-R3	123	41	4
CRUK0036_SU_T1-R1	121	18	4
CRUK0036_SU_T1-R2	361	167	59
CRUK0036_SU_T1-R3	234	35	6
CRUK0036_SU_T1-R4	138	57	5
CRUK0037_SU_T1-R1	498	220	34
CRUK0037_SU_T1-R2	218	169	47
CRUK0037_SU_T1-R3	351	53	3
CRUK0037_SU_T1-R4	309	138	34
CRUK0037_SU_T1-R5	444	169	24
CRUK0038_SU_T1-R1	34	51	223
CRUK0038_SU_T1-R2	57	8	194
CRUK0039_SU_T1-R1	108	440	25
CRUK0039_SU_T1-R2	157	417	25
CRUK0039_SU_T1-R3	185	365	39
CRUK0040_SU_T1-R1	104	36	2
CRUK0040_SU_T1-R2	106	101	12
CRUK0041_SU_T1-R1	505	160	51
CRUK0041_SU_T1-R2	428	85	142
CRUK0041_SU_T1-R3	906	140	43
CRUK0041_SU_T1-R4	164	5	87
CRUK0042_SU_T1-R1	69	23	18
CRUK0042_SU_T1-R2	27	6	5
CRUK0043_SU_T1-R1	246	74	179
CRUK0043_SU_T1-R2	295	201	194
CRUK0044_SU_T1-R1	4	136	33
CRUK0044_SU_T1-R2	13	1	0
CRUK0045_SU_T1-R1	31	5	61
CRUK0045_SU_T1-R2	43	0	93
CRUK0045_SU_T1-R3	60	33	18
CRUK0046_SU_T1-R1	465	68	19
CRUK0046_SU_T1-R2	120	88	32
CRUK0046_SU_T1-R3	237	105	37
CRUK0046_SU_T1-R4	228	105	42
CRUK0047_SU_T1-R1	181	52	2
CRUK0047_SU_T1-R2	407	85	106
CRUK0048_SU_T1-R1	4	0	268
CRUK0048_SU_T1-R2	958	104	19
CRUK0048_SU_T1-R3	470	4	367
CRUK0049_SU_T1-R1	81	457	162
CRUK0049_SU_T1-R2	170	458	33
CRUK0050_SU_T1-R1	152	32	37
CRUK0050_SU_T1-R2	149	57	45
CRUK0050_SU_T1-R3	97	60	37
CRUK0050_SU_T1-R4	46	4	3
CRUK0050_SU_T1-R5	129	56	53
CRUK0051_SU_T1-R2	137	191	41
CRUK0051_SU_T1-R3	543	200	35
CRUK0051_SU_T1-R4	75	181	53
CRUK0052_SU_T1-R1	212	456	41
CRUK0052_SU_T1-R2	64	161	35
CRUK0052_SU_T1-R3	30	10	152
CRUK0052_SU_T1-R4	61	407	3
CRUK0053_SU_T1-R1	956	720	76
CRUK0053_SU_T1-R2	1740	651	118
CRUK0054_SU_T1-R1	112	122	42
CRUK0054_SU_T1-R2	349	48	36
CRUK0055_SU_T1-R1	40	3	109
CRUK0055_SU_T1-R2	330	157	219
CRUK0055_SU_T1-R3	29	273	36
CRUK0055_SU_T1-R4	76	273	0
CRUK0056_SU_T1-R1	105	64	108
CRUK0056_SU_T1-R2	254	56	13
CRUK0056_SU_T1-R3	174	204	26
CRUK0057_SU_T1-R1	234	323	55
CRUK0057_SU_T1-R2	195	0	449
CRUK0058_SU_T1-R1	623	88	46
CRUK0058_SU_T1-R2	557	153	62
CRUK0059_SU_T1-R1	93	37	18
CRUK0059_SU_T1-R2	81	55	19
CRUK0060_SU_T1-R1	73	584	23
CRUK0060_SU_T1-R2	48	103	40
CRUK0061_SU_T1-R1	502	97	99
CRUK0061_SU_T1-R2	50	3	2
CRUK0062_SU_T1-R1	1553	192	67
CRUK0062_SU_T1-R2	1817	392	36
CRUK0062_SU_T1-R3	1402	255	36
CRUK0062_SU_T1-R4	2256	270	84
CRUK0062_SU_T1-R5	705	136	49
CRUK0062_SU_T1-R6	181	89	18
CRUK0062_SU_T1-R7	2458	410	83
CRUK0063_SU_T1-R3	56	41	101
CRUK0063_SU_T1-R4	216	137	19
CRUK0063_SU_T1-R5	275	160	25
CRUK0063_SU_T1-R6	26	0	70
CRUK0063_SU_T1-R7	51	8	0
CRUK0064_SU_T1-R1	103	132	22
CRUK0064_SU_T1-R2	70	25	11
CRUK0065_SU_T1-R1	1430	246	27
CRUK0065_SU_T1-R2	1141	215	45
CRUK0065_SU_T1-R3	359	208	21
CRUK0065_SU_T1-R4	538	212	46
CRUK0065_SU_T1-R5	661	260	17
CRUK0065_SU_T1-R6	994	227	10
CRUK0065_SU_T1-R7	103	99	0
CRUK0066_SU_T1-R1	110	196	138
CRUK0066_SU_T1-R2	89	22	2
CRUK0066_SU_T1-R3	43	113	24
CRUK0066_SU_T1-R4	633	354	147
CRUK0067_SU_T1-R1	319	245	254
CRUK0067_SU_T1-R3	630	387	125
CRUK0068_SU_T1-R1	142	263	10
CRUK0068_SU_T1-R2	55	0	51
CRUK0068_SU_T1-R3	131	230	50
CRUK0068_SU_T1-R4	62	148	29
CRUK0069_SU_T1-R1	225	189	23
CRUK0069_SU_T1-R2	169	189	28
CRUK0069_SU_T1-R3	289	13	83
CRUK0069_SU_T1-R4	219	154	15
CRUK0069_SU_T1-R5	194	181	40
CRUK0070_SU_T1-R1	2262	333	249
CRUK0070_SU_T1-R2	1671	175	265
CRUK0070_SU_T1-R4	874	350	79
CRUK0070_SU_T1-R6	781	297	101
CRUK0070_SU_T1-R7	0	0	174
CRUK0071_SU_T1-R1	1321	229	28
CRUK0071_SU_T1-R2	340	105	16
CRUK0071_SU_T1-R3	472	60	12
CRUK0071_SU_T1-R5	10	0	94
CRUK0071_SU_T1-R6	203	125	8
CRUK0071_SU_T1-R7	1161	207	38
CRUK0072_SU_T1-R1	580	176	66
CRUK0072_SU_T1-R2	1865	251	71
CRUK0072_SU_T1-R3	135	109	52
CRUK0072_SU_T1-R4	1736	237	48
CRUK0073_SU_T1-R1	2600	683	77
CRUK0073_SU_T1-R2	612	233	43
CRUK0074_SU_T1-R1	467	459	43
CRUK0074_SU_T1-R2	117	199	36
CRUK0074_SU_T1-R3	53	107	35
CRUK0075_SU_T1-R1	77	225	38
CRUK0075_SU_T1-R2	730	326	28
CRUK0076_SU_T1-R1	856	105	123
CRUK0076_SU_T1-R2	1087	292	26
CRUK0076_SU_T1-R3	528	304	28
CRUK0076_SU_T1-R4	724	265	12
CRUK0077_SU_T1-R1	259	136	32
CRUK0077_SU_T1-R2	1252	107	57
CRUK0077_SU_T1-R3	2950	328	158
CRUK0078_SU_T1-R2	211	0	102
CRUK0078_SU_T1-R3	22	0	136
CRUK0078_SU_T1-R4	79	4	4
CRUK0079_SU_T1-R1	520	61	41
CRUK0079_SU_T1-R2	822	172	29
CRUK0079_SU_T1-R3	858	237	62
CRUK0079_SU_T1-R4	909	187	44
CRUK0080_SU_T1-R2	40	38	103
CRUK0080_SU_T1-R3	134	0	46
CRUK0080_SU_T1-R4	181	18	74
CRUK0080_SU_T1-R5	190	120	23
CRUK0080_SU_T1-R6	149	45	130
CRUK0081_SU_T1-R1	79	55	9
CRUK0081_SU_T1-R5	269	142	29
CRUK0081_SU_T1-R6	39	0	4
CRUK0082_SU_T1-R1	735	109	0
CRUK0082_SU_T1-R2	471	50	3
CRUK0082_SU_T1-R3	224	36	0
CRUK0082_SU_T1-R4	807	195	65
CRUK0082_SU_T1-R5	275	163	44
CRUK0083_SU_T1-R1	1127	383	45
CRUK0083_SU_T1-R2	1247	462	112
CRUK0083_SU_T1-R3	719	510	32
CRUK0083_SU_T1-R4	2460	328	256
CRUK0084_SU_T1-R1	750	108	11
CRUK0084_SU_T1-R2	733	141	39
CRUK0084_SU_T1-R3	364	39	88
CRUK0084_SU_T1-R4	531	97	5
CRUK0085_SU_T1-R1	89	277	12
CRUK0085_SU_T1-R2	236	507	20
CRUK0085_SU_T1-R3	112	601	42
CRUK0085_SU_T1-R4	495	523	43
CRUK0086_SU_T1-R1	92	216	40
CRUK0086_SU_T1-R2	437	289	51
CRUK0086_SU_T1-R4	45	261	37
CRUK0087_SU_T1-R1	65	285	54
CRUK0087_SU_T1-R2	60	274	26
CRUK0087_SU_T1-R3	80	170	11
CRUK0088_SU_T1-R1	124	179	14
CRUK0088_SU_T1-R2	311	210	50
CRUK0089_SU_T1-R1	19	11	5
CRUK0089_SU_T1-R2	22	346	22
CRUK0090_SU_T1-R1	965	63	127
CRUK0090_SU_T1-R2	1336	321	51
CRUK0091_SU_T1-R1	48	1	17
CRUK0091_SU_T1-R2	129	70	9
CRUK0092_SU_T1-R1	182	68	30
CRUK0092_SU_T1-R2	64	11	19
CRUK0093_SU_T1-R1	100	22	0
CRUK0093_SU_T1-R2	64	288	33
CRUK0094_SU_T1-R1	106	41	28
CRUK0094_SU_T1-R2	151	38	22
CRUK0094_SU_T1-R3	102	54	26
CRUK0094_SU_T1-R4	77	75	17
CRUK0095_SU_T1-R1	47	79	21
CRUK0095_SU_T1-R2	0	73	71
CRUK0095_SU_T1-R3	39	136	28
CRUK0096_SU_T1-R1	257	209	78
CRUK0096_SU_T1-R2	444	49	15
CRUK0096_SU_T1-R3	291	20	83
CRUK0096_SU_T1-R4	657	258	58
CRUK0096_SU_T1-R5	521	287	46
CRUK0096_SU_T1-R6	247	287	36
CRUK0096_SU_T1-R7	741	268	50
CRUK0097_SU_T1-R1	376	65	16
CRUK0097_SU_T1-R2	535	234	57
CRUK0098_SU_T1-R1	200	33	7
CRUK0098_SU_T1-R2	88	308	22
CRUK0098_SU_T1-R3	186	315	19
CRUK0099_SU_T1-R1	64	194	38
CRUK0099_SU_T1-R2	106	68	32
CRUK0099_SU_T1-R3	151	180	53
CRUK0099_SU_T1-R4	88	97	39
CRUK0099_SU_T1-R5	92	30	22
CRUK0099_SU_T1-R6	103	113	20
CRUK0099_SU_T1-R7	67	38	14
CRUK0100_SU_T1-R1	991	94	26
CRUK0100_SU_T1-R2	942	64	185
CRUK0100_SU_T1-R3	393	158	154
