Samples	SBS96A	SBS96B	SBS96C	SBS96D	SBS96E
CRUK0001_SU_T1-R1	142	10	28	5	115
CRUK0001_SU_T1-R2	132	4	25	0	78
CRUK0001_SU_T1-R3	39	25	131	65	0
CRUK0002_SU_T1-R1	94	31	0	193	32
CRUK0002_SU_T1-R2	130	36	0	171	18
CRUK0002_SU_T1-R3	40	0	0	85	88
CRUK0003_SU_T1-R1	528	75	35	1	23
CRUK0003_SU_T1-R2	154	10	17	0	138
CRUK0003_SU_T1-R3	155	8	26	0	147
CRUK0003_SU_T1-R4	332	24	49	25	32
CRUK0003_SU_T1-R6	109	40	29	0	126
CRUK0004_SU_T1-R1	121	32	34	16	110
CRUK0004_SU_T1-R2	70	18	6	0	13
CRUK0004_SU_T1-R3	197	37	12	19	34
CRUK0004_SU_T1-R4	113	34	12	4	23
CRUK0005_SU_T1-R1	77	79	18	19	19
CRUK0005_SU_T1-R2	148	148	44	10	22
CRUK0005_SU_T1-R3	98	153	27	0	12
CRUK0005_SU_T1-R4	167	135	31	26	17
CRUK0006_SU_T1-R1	31	10	285	70	10
CRUK0006_SU_T1-R2	43	51	268	90	1
CRUK0007_SU_T1-R1	58	0	4	17	5
CRUK0007_SU_T1-R2	92	36	0	121	3
CRUK0008_SU_T1-R1	180	28	21	17	37
CRUK0008_SU_T1-R2	122	27	151	22	26
CRUK0009_SU_T1-R1	3679	174	240	186	81
CRUK0009_SU_T1-R2	1445	83	66	99	33
CRUK0009_SU_T1-R3	340	82	79	86	6
CRUK0009_SU_T1-R4	1213	103	135	143	22
CRUK0010_SU_T1-R1	1881	229	253	178	66
CRUK0010_SU_T1-R2	676	58	43	120	167
CRUK0011_SU_T1-R1	74	155	7	38	9
CRUK0011_SU_T1-R2	78	142	0	90	8
CRUK0011_SU_T1-R3	253	45	12	81	38
CRUK0012_SU_T1-R1	304	28	9	47	0
CRUK0012_SU_T1-R2	99	7	2	23	0
CRUK0013_SU_T1-R1	535	121	24	62	72
CRUK0013_SU_T1-R2	388	71	0	67	68
CRUK0013_SU_T1-R3	2104	200	142	26	45
CRUK0014_SU_T1-R1	140	32	1	40	14
CRUK0014_SU_T1-R2	57	5	14	14	62
CRUK0015_SU_T1-R1	255	84	14	35	29
CRUK0015_SU_T1-R2	154	27	0	14	17
CRUK0016_SU_T1-R1	1412	127	131	81	159
CRUK0016_SU_T1-R2	0	17	795	55	12
CRUK0017_SU_T1-R1	354	49	29	0	3
CRUK0017_SU_T1-R2	49	128	71	29	16
CRUK0017_SU_T1-R3	68	231	89	68	19
CRUK0017_SU_T1-R4	33	185	121	55	82
CRUK0018_SU_T1-R1	63	125	78	14	154
CRUK0018_SU_T1-R2	438	126	41	41	59
CRUK0018_SU_T1-R3	51	146	35	16	31
CRUK0018_SU_T1-R4	43	155	48	32	25
CRUK0019_SU_T1-R1	207	39	0	141	37
CRUK0019_SU_T1-R2	2058	66	70	207	184
CRUK0020_SU_T1-R1	0	442	391	308	0
CRUK0020_SU_T1-R2	44	378	65	49	38
CRUK0021_SU_T1-R1	96	17	4	6	5
CRUK0021_SU_T1-R2	116	35	26	21	33
CRUK0022_SU_T1-R1	637	75	24	80	83
CRUK0022_SU_T1-R2	135	21	2	80	84
CRUK0023_SU_T1-R1	110	58	24	2	8
CRUK0023_SU_T1-R2	154	70	10	43	25
CRUK0023_SU_T1-R3	156	80	26	20	19
CRUK0023_SU_T1-R4	74	13	5	5	6
CRUK0024_SU_T1-R1	106	212	25	0	12
CRUK0024_SU_T1-R2	28	3	0	3	2
CRUK0024_SU_T1-R3	540	219	60	35	30
CRUK0024_SU_T1-R4	221	264	55	53	20
CRUK0024_SU_T1-R6	324	260	49	33	18
CRUK0025_SU_T1-R1	1303	114	28	170	32
CRUK0025_SU_T1-R2	2403	180	150	242	71
CRUK0025_SU_T1-R3	1031	59	75	41	29
CRUK0026_SU_T1-R1	127	21	29	13	11
CRUK0026_SU_T1-R2	182	35	40	30	125
CRUK0027_SU_T1-R1	5	0	7	2	31
CRUK0027_SU_T1-R2	0	159	129	21	23
CRUK0027_SU_T1-R3	15	2	3	4	3
CRUK0028_SU_T1-R1	206	5	0	20	50
CRUK0028_SU_T1-R2	174	21	3	18	12
CRUK0029_SU_T1-R1	79	18	4	5	20
CRUK0029_SU_T1-R2	114	43	66	35	32
CRUK0029_SU_T1-R4	790	78	160	54	41
CRUK0029_SU_T1-R5	241	14	15	2	6
CRUK0029_SU_T1-R6	662	75	145	99	44
CRUK0029_SU_T1-R7	53	38	22	42	70
CRUK0029_SU_T1-R8	585	18	46	23	27
CRUK0030_SU_T2-R1	0	53	0	122	65
CRUK0030_SU_T2-R2	175	18	8	27	37
CRUK0030_SU_T2-R3	187	13	0	56	104
CRUK0031_SU_T1-R1	1561	204	180	49	61
CRUK0031_SU_T1-R2	831	219	110	70	60
CRUK0031_SU_T1-R3	1078	358	86	160	234
CRUK0032_SU_T1-R1	7	20	0	49	177
CRUK0032_SU_T1-R2	201	116	86	101	51
CRUK0032_SU_T1-R3	214	35	41	8	146
CRUK0032_SU_T1-R4	174	226	33	78	44
CRUK0033_SU_T1-R1	297	31	0	62	26
CRUK0033_SU_T1-R2	313	41	17	57	140
CRUK0034_SU_T1-R1	91	11	9	7	96
CRUK0034_SU_T1-R2	148	296	63	3	46
CRUK0034_SU_T1-R3	372	40	39	24	12
CRUK0035_SU_T1-R1	45	29	14	5	30
CRUK0035_SU_T1-R2	25	17	8	12	116
CRUK0035_SU_T1-R3	111	28	14	11	4
CRUK0036_SU_T1-R1	114	6	11	9	3
CRUK0036_SU_T1-R2	328	75	42	98	44
CRUK0036_SU_T1-R3	222	17	15	17	4
CRUK0036_SU_T1-R4	127	20	16	35	2
CRUK0037_SU_T1-R1	464	102	30	136	20
CRUK0037_SU_T1-R2	190	140	24	42	38
CRUK0037_SU_T1-R3	336	33	8	28	2
CRUK0037_SU_T1-R4	280	63	43	71	24
CRUK0037_SU_T1-R5	403	61	80	76	17
CRUK0038_SU_T1-R1	21	7	0	102	178
CRUK0038_SU_T1-R2	48	14	15	25	157
CRUK0039_SU_T1-R1	18	234	274	19	28
CRUK0039_SU_T1-R2	82	273	193	25	26
CRUK0039_SU_T1-R3	106	214	215	17	37
CRUK0040_SU_T1-R1	96	14	13	18	1
CRUK0040_SU_T1-R2	94	65	0	54	6
CRUK0041_SU_T1-R1	473	82	35	88	38
CRUK0041_SU_T1-R2	397	63	39	40	116
CRUK0041_SU_T1-R3	852	95	63	42	37
CRUK0041_SU_T1-R4	155	24	0	7	70
CRUK0042_SU_T1-R1	62	23	6	4	15
CRUK0042_SU_T1-R2	27	0	0	8	3
CRUK0043_SU_T1-R1	230	17	14	94	144
CRUK0043_SU_T1-R2	268	39	10	224	149
CRUK0044_SU_T1-R1	0	131	0	17	25
CRUK0044_SU_T1-R2	13	0	0	1	0
CRUK0045_SU_T1-R1	28	4	6	10	49
CRUK0045_SU_T1-R2	48	0	6	2	80
CRUK0045_SU_T1-R3	55	4	8	31	13
CRUK0046_SU_T1-R1	446	48	0	45	13
CRUK0046_SU_T1-R2	106	68	8	33	25
CRUK0046_SU_T1-R3	218	56	19	58	28
CRUK0046_SU_T1-R4	213	47	10	75	30
CRUK0047_SU_T1-R1	167	6	32	30	0
CRUK0047_SU_T1-R2	382	26	32	74	84
CRUK0048_SU_T1-R1	25	0	2	1	244
CRUK0048_SU_T1-R2	912	54	44	58	13
CRUK0048_SU_T1-R3	440	54	18	32	297
CRUK0049_SU_T1-R1	34	300	0	253	113
CRUK0049_SU_T1-R2	123	289	0	240	9
CRUK0050_SU_T1-R1	140	33	10	7	31
CRUK0050_SU_T1-R2	133	45	22	15	36
CRUK0050_SU_T1-R3	90	42	0	33	29
CRUK0050_SU_T1-R4	43	4	0	4	2
CRUK0050_SU_T1-R5	117	29	16	34	42
CRUK0051_SU_T1-R2	101	144	66	23	35
CRUK0051_SU_T1-R3	485	100	115	49	29
CRUK0051_SU_T1-R4	42	152	70	0	45
CRUK0052_SU_T1-R1	144	317	136	77	35
CRUK0052_SU_T1-R2	40	94	39	61	26
CRUK0052_SU_T1-R3	15	0	0	62	115
CRUK0052_SU_T1-R4	4	257	144	61	5
CRUK0053_SU_T1-R1	833	701	92	53	73
CRUK0053_SU_T1-R2	1567	498	238	101	105
CRUK0054_SU_T1-R1	96	69	12	69	30
CRUK0054_SU_T1-R2	329	39	19	16	30
CRUK0055_SU_T1-R1	36	6	0	23	87
CRUK0055_SU_T1-R2	304	41	0	191	170
CRUK0055_SU_T1-R3	6	196	0	115	21
CRUK0055_SU_T1-R4	50	259	40	0	0
CRUK0056_SU_T1-R1	95	18	0	78	86
CRUK0056_SU_T1-R2	236	16	36	25	10
CRUK0056_SU_T1-R3	145	107	44	92	16
CRUK0057_SU_T1-R1	186	300	63	14	49
CRUK0057_SU_T1-R2	209	12	36	0	387
CRUK0058_SU_T1-R1	593	69	17	41	37
CRUK0058_SU_T1-R2	528	77	23	98	46
CRUK0059_SU_T1-R1	86	18	0	31	13
CRUK0059_SU_T1-R2	72	13	0	60	10
CRUK0060_SU_T1-R1	33	554	63	0	30
CRUK0060_SU_T1-R2	37	101	0	22	31
CRUK0061_SU_T1-R1	466	70	44	37	81
CRUK0061_SU_T1-R2	45	8	0	0	2
CRUK0062_SU_T1-R1	1461	98	136	61	56
CRUK0062_SU_T1-R2	1675	162	265	114	29
CRUK0062_SU_T1-R3	1301	117	183	61	31
CRUK0062_SU_T1-R4	2135	111	171	126	67
CRUK0062_SU_T1-R5	654	46	87	65	38
CRUK0062_SU_T1-R6	154	27	66	27	14
CRUK0062_SU_T1-R7	2310	166	231	180	64
CRUK0063_SU_T1-R3	47	19	9	42	81
CRUK0063_SU_T1-R4	166	34	153	0	19
CRUK0063_SU_T1-R5	225	42	140	31	22
CRUK0063_SU_T1-R6	28	4	3	0	61
CRUK0063_SU_T1-R7	47	4	4	4	0
CRUK0064_SU_T1-R1	81	41	43	78	14
CRUK0064_SU_T1-R2	63	18	9	7	9
CRUK0065_SU_T1-R1	1340	102	140	101	20
CRUK0065_SU_T1-R2	1057	115	133	58	38
CRUK0065_SU_T1-R3	301	74	143	52	18
CRUK0065_SU_T1-R4	472	82	152	52	38
CRUK0065_SU_T1-R5	580	75	203	67	13
CRUK0065_SU_T1-R6	918	93	143	70	7
CRUK0065_SU_T1-R7	80	73	48	0	1
CRUK0066_SU_T1-R1	79	11	0	255	99
CRUK0066_SU_T1-R2	82	21	4	4	2
CRUK0066_SU_T1-R3	29	58	10	68	15
CRUK0066_SU_T1-R4	597	84	7	348	98
CRUK0067_SU_T1-R1	285	54	0	285	194
CRUK0067_SU_T1-R3	589	71	0	410	72
CRUK0068_SU_T1-R1	88	164	142	8	13
CRUK0068_SU_T1-R2	57	0	5	0	44
CRUK0068_SU_T1-R3	89	155	101	23	43
CRUK0068_SU_T1-R4	33	89	79	13	25
CRUK0069_SU_T1-R1	192	162	39	24	20
CRUK0069_SU_T1-R2	134	150	64	13	25
CRUK0069_SU_T1-R3	272	17	19	8	69
CRUK0069_SU_T1-R4	192	150	21	11	14
CRUK0069_SU_T1-R5	163	149	42	27	34
CRUK0070_SU_T1-R1	2110	198	229	100	207
CRUK0070_SU_T1-R2	1567	147	120	56	221
CRUK0070_SU_T1-R4	812	175	60	203	53
CRUK0070_SU_T1-R6	743	106	10	254	66
CRUK0070_SU_T1-R7	0	0	0	39	135
CRUK0071_SU_T1-R1	1234	102	151	67	24
CRUK0071_SU_T1-R2	309	80	41	17	14
CRUK0071_SU_T1-R3	445	26	44	19	10
CRUK0071_SU_T1-R5	18	1	0	0	85
CRUK0071_SU_T1-R6	168	81	75	2	10
CRUK0071_SU_T1-R7	1081	112	126	55	32
CRUK0072_SU_T1-R1	533	108	62	67	52
CRUK0072_SU_T1-R2	1761	159	116	93	58
CRUK0072_SU_T1-R3	122	32	2	104	36
CRUK0072_SU_T1-R4	1641	147	108	86	39
CRUK0073_SU_T1-R1	2424	281	273	335	47
CRUK0073_SU_T1-R2	579	94	20	171	24
CRUK0074_SU_T1-R1	355	33	335	222	24
CRUK0074_SU_T1-R2	75	47	101	104	25
CRUK0074_SU_T1-R3	40	29	0	103	23
CRUK0075_SU_T1-R1	50	157	35	70	28
CRUK0075_SU_T1-R2	632	124	241	62	25
CRUK0076_SU_T1-R1	799	90	79	11	105
CRUK0076_SU_T1-R2	999	213	107	63	23
CRUK0076_SU_T1-R3	455	268	106	0	31
CRUK0076_SU_T1-R4	653	229	79	26	14
CRUK0077_SU_T1-R1	215	83	99	0	30
CRUK0077_SU_T1-R2	1186	36	108	38	48
CRUK0077_SU_T1-R3	2795	171	199	141	130
CRUK0078_SU_T1-R2	205	0	0	25	83
CRUK0078_SU_T1-R3	29	8	1	0	120
CRUK0078_SU_T1-R4	73	3	7	0	4
CRUK0079_SU_T1-R1	497	39	19	35	32
CRUK0079_SU_T1-R2	770	98	62	72	21
CRUK0079_SU_T1-R3	791	95	118	106	47
CRUK0079_SU_T1-R4	854	97	65	91	33
CRUK0080_SU_T1-R2	34	35	0	30	82
CRUK0080_SU_T1-R3	128	5	8	0	39
CRUK0080_SU_T1-R4	170	16	14	12	61
CRUK0080_SU_T1-R5	167	72	34	43	17
CRUK0080_SU_T1-R6	133	30	24	32	105
CRUK0081_SU_T1-R1	68	43	14	10	8
CRUK0081_SU_T1-R5	238	88	51	40	23
CRUK0081_SU_T1-R6	37	0	2	0	4
CRUK0082_SU_T1-R1	689	67	80	8	0
CRUK0082_SU_T1-R2	449	17	31	25	2
CRUK0082_SU_T1-R3	212	18	0	30	0
CRUK0082_SU_T1-R4	739	143	95	34	56
CRUK0082_SU_T1-R5	242	116	40	49	35
CRUK0083_SU_T1-R1	1015	115	261	130	34
CRUK0083_SU_T1-R2	1119	102	315	200	85
CRUK0083_SU_T1-R3	602	160	288	191	20
CRUK0083_SU_T1-R4	2326	111	195	208	204
CRUK0084_SU_T1-R1	701	65	72	19	12
CRUK0084_SU_T1-R2	682	91	70	37	33
CRUK0084_SU_T1-R3	336	24	48	10	73
CRUK0084_SU_T1-R4	492	54	64	17	6
CRUK0085_SU_T1-R1	19	122	220	0	17
CRUK0085_SU_T1-R2	98	180	456	0	29
CRUK0085_SU_T1-R3	0	124	353	259	19
CRUK0085_SU_T1-R4	394	138	250	258	21
CRUK0086_SU_T1-R1	73	166	3	78	28
CRUK0086_SU_T1-R2	399	194	12	138	34
CRUK0086_SU_T1-R4	22	158	1	140	22
CRUK0087_SU_T1-R1	0	6	231	128	39
CRUK0087_SU_T1-R2	0	16	215	113	16
CRUK0087_SU_T1-R3	31	5	162	55	8
CRUK0088_SU_T1-R1	87	101	91	25	13
CRUK0088_SU_T1-R2	256	114	131	27	43
CRUK0089_SU_T1-R1	17	9	0	5	4
CRUK0089_SU_T1-R2	5	309	0	58	18
CRUK0090_SU_T1-R1	922	48	34	46	105
CRUK0090_SU_T1-R2	1237	231	124	71	45
CRUK0091_SU_T1-R1	45	2	0	5	14
CRUK0091_SU_T1-R2	116	61	8	15	8
CRUK0092_SU_T1-R1	162	49	36	7	26
CRUK0092_SU_T1-R2	56	22	0	0	16
CRUK0093_SU_T1-R1	92	15	13	1	1
CRUK0093_SU_T1-R2	39	204	0	122	20
CRUK0094_SU_T1-R1	98	13	11	32	21
CRUK0094_SU_T1-R2	137	44	10	0	20
CRUK0094_SU_T1-R3	94	28	0	41	19
CRUK0094_SU_T1-R4	69	8	8	76	8
CRUK0095_SU_T1-R1	37	38	0	59	13
CRUK0095_SU_T1-R2	0	0	0	103	41
CRUK0095_SU_T1-R3	21	42	0	127	13
CRUK0096_SU_T1-R1	218	144	52	68	62
CRUK0096_SU_T1-R2	426	2	30	40	10
CRUK0096_SU_T1-R3	273	38	11	3	69
CRUK0096_SU_T1-R4	596	191	80	57	49
CRUK0096_SU_T1-R5	472	156	61	135	30
CRUK0096_SU_T1-R6	209	129	48	166	18
CRUK0096_SU_T1-R7	681	102	107	134	35
CRUK0097_SU_T1-R1	354	22	38	31	12
CRUK0097_SU_T1-R2	485	96	85	119	41
CRUK0098_SU_T1-R1	191	11	13	20	5
CRUK0098_SU_T1-R2	57	216	22	111	12
CRUK0098_SU_T1-R3	152	257	18	79	14
CRUK0099_SU_T1-R1	4	0	188	74	30
CRUK0099_SU_T1-R2	88	16	43	34	25
CRUK0099_SU_T1-R3	100	33	154	53	44
CRUK0099_SU_T1-R4	60	0	87	46	31
CRUK0099_SU_T1-R5	85	11	7	24	17
CRUK0099_SU_T1-R6	69	6	108	37	16
CRUK0099_SU_T1-R7	60	11	11	27	10
CRUK0100_SU_T1-R1	934	81	69	1	26
CRUK0100_SU_T1-R2	880	72	84	0	155
CRUK0100_SU_T1-R3	354	121	45	61	124
