Samples	SBS96A	SBS96B	SBS96C	SBS96D	SBS96E
CRUK0001_SU_T1-R1	2.05E+00	8.64E-01	1.93E+00	1.33E+00	1.39E+00
CRUK0001_SU_T1-R2	2.73E+00	7.64E-01	2.67E+00	1.16E+00	1.09E+00
CRUK0001_SU_T1-R3	1.68E+00	1.31E+00	4.76E+00	4.38E+00	2.15E-01
CRUK0002_SU_T1-R1	3.04E+00	1.52E+00	1.91E+00	4.30E+00	1.34E+00
CRUK0002_SU_T1-R2	3.30E+00	2.05E+00	2.33E+00	4.56E+00	1.47E+00
CRUK0002_SU_T1-R3	1.80E+00	2.60E-01	1.72E+00	2.43E+00	1.74E+00
CRUK0003_SU_T1-R1	5.37E+00	1.86E+00	5.38E+00	1.70E+00	8.58E-01
CRUK0003_SU_T1-R2	2.96E+00	8.42E-01	3.11E+00	7.56E-01	1.47E+00
CRUK0003_SU_T1-R3	3.29E+00	1.07E+00	3.96E+00	8.50E-01	1.92E+00
CRUK0003_SU_T1-R4	3.99E+00	1.26E+00	3.78E+00	2.00E+00	9.71E-01
CRUK0003_SU_T1-R6	2.55E+00	1.26E+00	3.01E+00	7.81E-01	1.49E+00
CRUK0004_SU_T1-R1	2.44E+00	1.12E+00	2.82E+00	1.57E+00	1.45E+00
CRUK0004_SU_T1-R2	1.28E+00	6.37E-01	1.13E+00	3.98E-01	4.96E-01
CRUK0004_SU_T1-R3	2.25E+00	1.03E+00	2.18E+00	1.08E+00	8.15E-01
CRUK0004_SU_T1-R4	2.54E+00	9.85E-01	2.65E+00	1.20E+00	6.32E-01
CRUK0005_SU_T1-R1	1.37E+00	1.12E+00	1.16E+00	1.00E+00	6.74E-01
CRUK0005_SU_T1-R2	2.14E+00	1.83E+00	1.98E+00	1.44E+00	7.10E-01
CRUK0005_SU_T1-R3	2.22E+00	1.80E+00	2.39E+00	1.10E+00	6.10E-01
CRUK0005_SU_T1-R4	2.61E+00	1.74E+00	2.54E+00	1.67E+00	7.08E-01
CRUK0006_SU_T1-R1	2.67E+00	1.74E+00	1.01E+01	1.01E+01	7.25E-01
CRUK0006_SU_T1-R2	2.42E+00	1.87E+00	7.30E+00	8.15E+00	3.34E-01
CRUK0007_SU_T1-R1	1.01E+00	0.00E+00	9.74E-01	6.31E-01	5.54E-01
CRUK0007_SU_T1-R2	2.52E+00	1.66E+00	1.62E+00	3.23E+00	5.09E-01
CRUK0008_SU_T1-R1	4.27E+00	1.20E+00	5.31E+00	2.35E+00	1.17E+00
CRUK0008_SU_T1-R2	3.58E+00	1.64E+00	2.70E+00	3.98E+00	9.66E-01
CRUK0009_SU_T1-R1	3.68E+01	6.96E+00	3.48E+01	1.15E+01	1.71E+00
CRUK0009_SU_T1-R2	1.44E+01	2.89E+00	1.41E+01	6.20E+00	9.64E-01
CRUK0009_SU_T1-R3	5.16E+00	1.94E+00	4.47E+00	2.58E+00	5.55E-01
CRUK0009_SU_T1-R4	1.45E+01	2.98E+00	1.29E+01	5.18E+00	9.32E-01
CRUK0010_SU_T1-R1	2.71E+01	4.16E+00	2.55E+01	9.92E+00	1.51E+00
CRUK0010_SU_T1-R2	8.95E+00	2.19E+00	8.64E+00	4.24E+00	1.69E+00
CRUK0011_SU_T1-R1	1.87E+00	1.69E+00	1.33E+00	1.59E+00	4.88E-01
CRUK0011_SU_T1-R2	2.17E+00	2.04E+00	1.89E+00	2.36E+00	5.33E-01
CRUK0011_SU_T1-R3	2.41E+00	1.23E+00	2.37E+00	1.85E+00	1.05E+00
CRUK0012_SU_T1-R1	2.69E+00	1.13E+00	2.51E+00	1.25E+00	1.00E-02
CRUK0012_SU_T1-R2	1.58E+00	4.96E-01	1.61E+00	9.69E-01	1.47E-01
CRUK0013_SU_T1-R1	4.47E+00	1.83E+00	4.56E+00	2.36E+00	1.46E+00
CRUK0013_SU_T1-R2	4.32E+00	1.61E+00	4.31E+00	2.60E+00	1.33E+00
CRUK0013_SU_T1-R3	1.62E+01	4.01E+00	1.49E+01	5.99E+00	1.03E+00
CRUK0014_SU_T1-R1	2.74E+00	1.06E+00	2.76E+00	2.10E+00	7.09E-01
CRUK0014_SU_T1-R2	1.32E+00	5.18E-01	1.01E+00	1.10E+00	9.83E-01
CRUK0015_SU_T1-R1	3.67E+00	1.32E+00	3.89E+00	1.59E+00	8.97E-01
CRUK0015_SU_T1-R2	1.63E+00	9.02E-01	1.47E+00	8.55E-01	6.42E-01
CRUK0016_SU_T1-R1	1.69E+01	3.01E+00	1.64E+01	5.88E+00	1.96E+00
CRUK0016_SU_T1-R2	4.17E+00	3.42E+00	2.92E+01	2.77E+01	8.50E-01
CRUK0017_SU_T1-R1	4.03E+00	1.31E+00	3.87E+00	1.05E+00	2.45E-01
CRUK0017_SU_T1-R2	1.54E+00	1.67E+00	2.15E+00	2.30E+00	5.26E-01
CRUK0017_SU_T1-R3	2.32E+00	2.28E+00	2.15E+00	2.96E+00	6.70E-01
CRUK0017_SU_T1-R4	2.59E+00	2.31E+00	3.52E+00	3.46E+00	1.55E+00
CRUK0018_SU_T1-R1	3.60E+00	3.75E+00	9.03E+00	3.73E+00	3.33E+00
CRUK0018_SU_T1-R2	4.67E+00	2.21E+00	4.80E+00	2.50E+00	1.25E+00
CRUK0018_SU_T1-R3	2.12E+00	2.01E+00	3.30E+00	1.63E+00	8.83E-01
CRUK0018_SU_T1-R4	2.06E+00	2.40E+00	2.98E+00	1.61E+00	8.76E-01
CRUK0019_SU_T1-R1	2.83E+00	2.12E+00	2.26E+00	4.52E+00	1.39E+00
CRUK0019_SU_T1-R2	1.91E+01	3.83E+00	1.92E+01	6.36E+00	2.66E+00
CRUK0020_SU_T1-R1	3.95E+00	3.94E+00	1.60E+01	1.34E+01	5.44E-01
CRUK0020_SU_T1-R2	2.44E+00	2.68E+00	2.10E+00	2.45E+00	9.40E-01
CRUK0021_SU_T1-R1	1.48E+00	5.70E-01	1.34E+00	7.71E-01	3.75E-01
CRUK0021_SU_T1-R2	1.75E+00	1.18E+00	1.31E+00	1.21E+00	7.67E-01
CRUK0022_SU_T1-R1	7.11E+00	1.82E+00	7.17E+00	2.42E+00	1.45E+00
CRUK0022_SU_T1-R2	2.38E+00	1.03E+00	2.36E+00	2.22E+00	1.66E+00
CRUK0023_SU_T1-R1	1.87E+00	1.15E+00	1.48E+00	1.21E+00	4.22E-01
CRUK0023_SU_T1-R2	2.48E+00	1.39E+00	2.31E+00	2.01E+00	6.94E-01
CRUK0023_SU_T1-R3	1.94E+00	1.44E+00	2.06E+00	1.49E+00	6.90E-01
CRUK0023_SU_T1-R4	1.39E+00	7.63E-01	1.28E+00	1.07E+00	3.69E-01
CRUK0024_SU_T1-R1	1.97E+00	1.85E+00	1.78E+00	9.47E-01	4.73E-01
CRUK0024_SU_T1-R2	6.85E-01	7.99E-02	7.18E-01	3.79E-01	2.83E-01
CRUK0024_SU_T1-R3	6.03E+00	2.55E+00	6.04E+00	2.41E+00	1.04E+00
CRUK0024_SU_T1-R4	3.41E+00	2.20E+00	2.69E+00	2.64E+00	7.86E-01
CRUK0024_SU_T1-R6	3.72E+00	2.45E+00	3.10E+00	1.87E+00	7.66E-01
CRUK0025_SU_T1-R1	1.36E+01	2.62E+00	1.33E+01	6.20E+00	1.07E+00
CRUK0025_SU_T1-R2	2.41E+01	4.79E+00	2.29E+01	8.63E+00	1.63E+00
CRUK0025_SU_T1-R3	1.15E+01	2.48E+00	1.10E+01	5.11E+00	9.22E-01
CRUK0026_SU_T1-R1	2.05E+00	7.69E-01	1.72E+00	9.33E-01	5.63E-01
CRUK0026_SU_T1-R2	3.96E+00	1.19E+00	4.14E+00	1.86E+00	1.75E+00
CRUK0027_SU_T1-R1	4.24E-01	0.00E+00	3.75E-01	5.24E-01	4.72E-01
CRUK0027_SU_T1-R2	1.26E-01	1.39E+00	5.30E+00	4.83E+00	8.23E-01
CRUK0027_SU_T1-R3	6.02E-01	2.88E-01	4.20E-01	4.67E-01	2.27E-01
CRUK0028_SU_T1-R1	2.07E+00	6.45E-01	2.32E+00	9.80E-01	9.70E-01
CRUK0028_SU_T1-R2	2.30E+00	9.45E-01	2.08E+00	1.07E+00	6.42E-01
CRUK0029_SU_T1-R1	1.35E+00	8.19E-01	1.06E+00	4.45E-01	6.71E-01
CRUK0029_SU_T1-R2	2.09E+00	1.14E+00	2.11E+00	2.03E+00	8.92E-01
CRUK0029_SU_T1-R4	1.03E+01	2.31E+00	8.85E+00	4.70E+00	1.13E+00
CRUK0029_SU_T1-R5	2.68E+00	8.87E-01	2.76E+00	7.80E-01	4.00E-01
CRUK0029_SU_T1-R6	9.16E+00	1.99E+00	8.14E+00	4.60E+00	1.05E+00
CRUK0029_SU_T1-R7	1.60E+00	9.56E-01	1.55E+00	1.19E+00	1.31E+00
CRUK0029_SU_T1-R8	5.72E+00	1.44E+00	5.16E+00	1.67E+00	8.36E-01
CRUK0030_SU_T2-R1	4.54E-01	1.65E+00	9.61E-01	3.40E+00	1.73E+00
CRUK0030_SU_T2-R2	2.57E+00	7.34E-01	2.24E+00	1.03E+00	7.86E-01
CRUK0030_SU_T2-R3	2.98E+00	7.26E-01	2.78E+00	2.39E+00	1.78E+00
CRUK0031_SU_T1-R1	1.74E+01	3.79E+00	1.54E+01	7.66E+00	1.24E+00
CRUK0031_SU_T1-R2	9.58E+00	3.12E+00	8.19E+00	4.85E+00	1.19E+00
CRUK0031_SU_T1-R3	1.17E+01	3.58E+00	1.32E+01	5.66E+00	2.67E+00
CRUK0032_SU_T1-R1	1.35E+00	8.59E-01	1.01E+00	3.06E+00	1.93E+00
CRUK0032_SU_T1-R2	3.37E+00	1.96E+00	2.74E+00	2.54E+00	9.53E-01
CRUK0032_SU_T1-R3	2.64E+00	1.15E+00	2.48E+00	1.34E+00	1.76E+00
CRUK0032_SU_T1-R4	2.83E+00	2.28E+00	2.42E+00	1.79E+00	1.12E+00
CRUK0033_SU_T1-R1	3.60E+00	1.31E+00	3.36E+00	2.25E+00	9.54E-01
CRUK0033_SU_T1-R2	3.31E+00	1.42E+00	3.38E+00	2.35E+00	1.78E+00
CRUK0034_SU_T1-R1	2.06E+00	6.47E-01	2.48E+00	9.15E-01	1.25E+00
CRUK0034_SU_T1-R2	3.10E+00	2.30E+00	2.59E+00	1.95E+00	1.07E+00
CRUK0034_SU_T1-R3	5.56E+00	1.63E+00	5.20E+00	2.20E+00	5.96E-01
CRUK0035_SU_T1-R1	1.59E+00	1.46E+00	2.84E+00	1.44E+00	9.80E-01
CRUK0035_SU_T1-R2	1.22E+00	6.77E-01	2.31E+00	1.53E+00	1.28E+00
CRUK0035_SU_T1-R3	3.46E+00	8.43E-01	3.16E+00	1.66E+00	1.25E-01
CRUK0036_SU_T1-R1	1.85E+00	4.09E-01	1.82E+00	9.87E-01	3.05E-01
CRUK0036_SU_T1-R2	4.65E+00	1.88E+00	4.44E+00	2.21E+00	9.69E-01
CRUK0036_SU_T1-R3	3.21E+00	9.16E-01	3.23E+00	1.23E+00	2.98E-01
CRUK0036_SU_T1-R4	2.86E+00	9.36E-01	2.71E+00	2.11E+00	2.87E-01
CRUK0037_SU_T1-R1	6.25E+00	2.14E+00	5.17E+00	3.90E+00	8.33E-01
CRUK0037_SU_T1-R2	2.87E+00	1.62E+00	2.92E+00	1.68E+00	8.85E-01
CRUK0037_SU_T1-R3	4.01E+00	1.23E+00	3.77E+00	1.34E+00	7.26E-02
CRUK0037_SU_T1-R4	4.28E+00	1.51E+00	3.60E+00	2.36E+00	8.62E-01
CRUK0037_SU_T1-R5	5.19E+00	1.91E+00	4.11E+00	2.97E+00	7.32E-01
CRUK0038_SU_T1-R1	1.87E+00	1.20E+00	1.42E+00	4.12E+00	2.21E+00
CRUK0038_SU_T1-R2	1.75E+00	7.94E-01	1.16E+00	1.26E+00	1.72E+00
CRUK0039_SU_T1-R1	2.39E+00	2.50E+00	6.50E+00	7.88E+00	8.01E-01
CRUK0039_SU_T1-R2	2.91E+00	2.35E+00	3.60E+00	5.43E+00	9.65E-01
CRUK0039_SU_T1-R3	2.91E+00	2.83E+00	3.61E+00	5.86E+00	1.09E+00
CRUK0040_SU_T1-R1	1.85E+00	8.19E-01	1.62E+00	8.84E-01	2.33E-01
CRUK0040_SU_T1-R2	1.82E+00	1.43E+00	1.38E+00	2.04E+00	5.96E-01
CRUK0041_SU_T1-R1	5.27E+00	1.95E+00	4.99E+00	2.28E+00	1.27E+00
CRUK0041_SU_T1-R2	3.87E+00	1.58E+00	3.98E+00	1.97E+00	1.68E+00
CRUK0041_SU_T1-R3	7.97E+00	2.39E+00	7.66E+00	2.84E+00	1.17E+00
CRUK0041_SU_T1-R4	2.59E+00	7.61E-01	2.20E+00	7.77E-01	1.12E+00
CRUK0042_SU_T1-R1	1.90E+00	8.23E-01	1.89E+00	1.28E+00	5.51E-01
CRUK0042_SU_T1-R2	7.14E-01	2.01E-01	4.42E-01	4.22E-01	2.91E-01
CRUK0043_SU_T1-R1	2.63E+00	1.17E+00	2.55E+00	2.03E+00	1.65E+00
CRUK0043_SU_T1-R2	4.29E+00	1.87E+00	4.47E+00	4.33E+00	2.65E+00
CRUK0044_SU_T1-R1	5.59E-01	1.15E+00	1.10E+00	8.87E-01	8.05E-01
CRUK0044_SU_T1-R2	2.56E-01	9.99E-02	1.85E-01	1.46E-01	1.22E-01
CRUK0045_SU_T1-R1	9.95E-01	3.61E-01	8.67E-01	7.24E-01	7.90E-01
CRUK0045_SU_T1-R2	1.24E+00	1.86E-01	7.25E-01	8.15E-01	1.20E+00
CRUK0045_SU_T1-R3	1.42E+00	4.07E-01	1.24E+00	7.63E-01	5.75E-01
CRUK0046_SU_T1-R1	5.44E+00	1.60E+00	6.07E+00	3.20E+00	8.63E-01
CRUK0046_SU_T1-R2	2.62E+00	1.33E+00	2.95E+00	1.82E+00	8.45E-01
CRUK0046_SU_T1-R3	3.50E+00	1.26E+00	3.35E+00	2.18E+00	9.38E-01
CRUK0046_SU_T1-R4	3.32E+00	1.44E+00	2.69E+00	2.49E+00	9.29E-01
CRUK0047_SU_T1-R1	2.33E+00	7.80E-01	1.87E+00	1.58E+00	0.00E+00
CRUK0047_SU_T1-R2	5.31E+00	1.37E+00	4.89E+00	2.28E+00	1.70E+00
CRUK0048_SU_T1-R1	1.67E+00	3.17E-01	1.19E+00	1.40E+00	1.81E+00
CRUK0048_SU_T1-R2	9.62E+00	2.55E+00	1.02E+01	3.36E+00	6.54E-01
CRUK0048_SU_T1-R3	4.67E+00	1.65E+00	6.11E+00	3.30E+00	2.79E+00
CRUK0049_SU_T1-R1	3.15E+00	3.44E+00	2.06E+00	6.81E+00	2.82E+00
CRUK0049_SU_T1-R2	3.12E+00	3.25E+00	2.52E+00	4.26E+00	6.50E-01
CRUK0050_SU_T1-R1	1.95E+00	9.98E-01	2.21E+00	9.14E-01	8.56E-01
CRUK0050_SU_T1-R2	2.36E+00	1.26E+00	2.63E+00	1.15E+00	8.95E-01
CRUK0050_SU_T1-R3	1.24E+00	1.07E+00	9.57E-01	1.26E+00	7.48E-01
CRUK0050_SU_T1-R4	8.30E-01	3.85E-01	8.13E-01	3.33E-01	2.16E-01
CRUK0050_SU_T1-R5	1.83E+00	9.29E-01	1.62E+00	1.23E+00	9.09E-01
CRUK0051_SU_T1-R2	3.16E+00	2.19E+00	3.38E+00	2.32E+00	1.09E+00
CRUK0051_SU_T1-R3	7.28E+00	2.27E+00	6.09E+00	3.41E+00	8.42E-01
CRUK0051_SU_T1-R4	2.12E+00	2.62E+00	3.68E+00	1.50E+00	1.26E+00
CRUK0052_SU_T1-R1	2.81E+00	2.72E+00	3.36E+00	4.01E+00	9.97E-01
CRUK0052_SU_T1-R2	1.78E+00	1.31E+00	1.74E+00	1.49E+00	8.23E-01
CRUK0052_SU_T1-R3	1.37E+00	0.00E+00	7.29E-01	2.21E+00	1.57E+00
CRUK0052_SU_T1-R4	1.89E+00	2.08E+00	5.87E+00	5.55E+00	4.37E-01
CRUK0053_SU_T1-R1	9.13E+00	4.42E+00	9.08E+00	2.82E+00	1.46E+00
CRUK0053_SU_T1-R2	1.87E+01	4.53E+00	1.70E+01	7.46E+00	1.55E+00
CRUK0054_SU_T1-R1	2.25E+00	1.24E+00	2.06E+00	1.79E+00	8.63E-01
CRUK0054_SU_T1-R2	3.44E+00	1.30E+00	3.65E+00	1.49E+00	8.54E-01
CRUK0055_SU_T1-R1	1.06E+00	5.55E-01	5.00E-01	1.42E+00	1.23E+00
CRUK0055_SU_T1-R2	4.48E+00	1.81E+00	4.69E+00	4.54E+00	2.52E+00
CRUK0055_SU_T1-R3	1.63E+00	2.15E+00	1.35E+00	2.52E+00	8.53E-01
CRUK0055_SU_T1-R4	1.77E+00	1.90E+00	1.72E+00	1.12E+00	3.59E-02
CRUK0056_SU_T1-R1	2.13E+00	8.79E-01	2.18E+00	2.17E+00	1.37E+00
CRUK0056_SU_T1-R2	3.31E+00	9.61E-01	2.71E+00	1.58E+00	6.78E-01
CRUK0056_SU_T1-R3	2.62E+00	1.73E+00	2.21E+00	1.94E+00	6.53E-01
CRUK0057_SU_T1-R1	3.59E+00	2.77E+00	4.33E+00	2.03E+00	1.08E+00
CRUK0057_SU_T1-R2	3.67E+00	1.20E+00	4.77E+00	1.83E+00	3.11E+00
CRUK0058_SU_T1-R1	6.11E+00	1.78E+00	5.89E+00	2.63E+00	1.08E+00
CRUK0058_SU_T1-R2	4.82E+00	1.92E+00	4.79E+00	2.76E+00	1.29E+00
CRUK0059_SU_T1-R1	1.71E+00	8.45E-01	1.69E+00	1.40E+00	5.39E-01
CRUK0059_SU_T1-R2	1.77E+00	8.43E-01	1.48E+00	2.07E+00	6.60E-01
CRUK0060_SU_T1-R1	2.55E+00	2.63E+00	2.14E+00	1.63E+00	8.89E-01
CRUK0060_SU_T1-R2	1.33E+00	1.30E+00	1.42E+00	1.57E+00	9.12E-01
CRUK0061_SU_T1-R1	5.32E+00	1.56E+00	5.36E+00	1.96E+00	1.50E+00
CRUK0061_SU_T1-R2	7.27E-01	3.79E-01	6.41E-01	8.91E-02	2.25E-01
CRUK0062_SU_T1-R1	1.48E+01	3.44E+00	1.42E+01	5.66E+00	1.24E+00
CRUK0062_SU_T1-R2	2.17E+01	3.48E+00	1.88E+01	9.80E+00	1.04E+00
CRUK0062_SU_T1-R3	1.52E+01	3.34E+00	1.38E+01	5.22E+00	1.02E+00
CRUK0062_SU_T1-R4	2.44E+01	3.82E+00	2.31E+01	8.84E+00	1.32E+00
CRUK0062_SU_T1-R5	9.17E+00	1.95E+00	8.20E+00	3.83E+00	1.06E+00
CRUK0062_SU_T1-R6	3.61E+00	1.21E+00	2.82E+00	2.28E+00	5.16E-01
CRUK0062_SU_T1-R7	2.79E+01	4.61E+00	2.66E+01	1.06E+01	1.59E+00
CRUK0063_SU_T1-R3	1.39E+00	1.03E+00	1.34E+00	1.23E+00	1.02E+00
CRUK0063_SU_T1-R4	3.29E+00	1.42E+00	3.17E+00	4.54E+00	5.96E-01
CRUK0063_SU_T1-R5	3.41E+00	1.56E+00	3.47E+00	4.75E+00	8.41E-01
CRUK0063_SU_T1-R6	1.06E+00	3.50E-01	8.56E-01	6.11E-01	8.08E-01
CRUK0063_SU_T1-R7	9.98E-01	2.06E-01	8.00E-01	5.59E-01	4.11E-02
CRUK0064_SU_T1-R1	1.79E+00	1.39E+00	1.94E+00	2.08E+00	5.92E-01
CRUK0064_SU_T1-R2	1.75E+00	7.78E-01	1.62E+00	9.26E-01	4.57E-01
CRUK0065_SU_T1-R1	1.84E+01	2.91E+00	1.71E+01	8.06E+00	8.01E-01
CRUK0065_SU_T1-R2	1.51E+01	2.80E+00	1.39E+01	5.89E+00	9.82E-01
CRUK0065_SU_T1-R3	5.68E+00	1.78E+00	4.10E+00	4.36E+00	6.29E-01
CRUK0065_SU_T1-R4	7.44E+00	2.00E+00	5.87E+00	4.63E+00	9.43E-01
CRUK0065_SU_T1-R5	9.37E+00	2.09E+00	6.33E+00	6.75E+00	5.61E-01
CRUK0065_SU_T1-R6	1.29E+01	2.53E+00	1.17E+01	5.01E+00	6.05E-01
CRUK0065_SU_T1-R7	2.08E+00	1.36E+00	1.49E+00	1.65E+00	2.33E-01
CRUK0066_SU_T1-R1	3.43E+00	1.59E+00	2.46E+00	5.92E+00	2.59E+00
CRUK0066_SU_T1-R2	1.23E+00	7.27E-01	1.32E+00	7.75E-01	2.65E-01
CRUK0066_SU_T1-R3	1.51E+00	1.25E+00	1.32E+00	1.68E+00	5.98E-01
CRUK0066_SU_T1-R4	6.09E+00	2.97E+00	5.80E+00	5.53E+00	2.23E+00
CRUK0067_SU_T1-R1	5.39E+00	2.01E+00	4.98E+00	6.00E+00	3.42E+00
CRUK0067_SU_T1-R3	8.62E+00	2.31E+00	7.89E+00	6.60E+00	1.98E+00
CRUK0068_SU_T1-R1	2.60E+00	1.96E+00	2.98E+00	3.91E+00	5.33E-01
CRUK0068_SU_T1-R2	9.67E-01	0.00E+00	6.48E-01	3.86E-01	8.38E-01
CRUK0068_SU_T1-R3	2.34E+00	2.06E+00	3.43E+00	3.09E+00	8.43E-01
CRUK0068_SU_T1-R4	1.63E+00	1.44E+00	2.38E+00	2.34E+00	6.28E-01
CRUK0069_SU_T1-R1	3.39E+00	1.76E+00	3.56E+00	1.76E+00	6.57E-01
CRUK0069_SU_T1-R2	2.61E+00	2.06E+00	2.05E+00	2.05E+00	6.79E-01
CRUK0069_SU_T1-R3	3.64E+00	9.09E-01	3.68E+00	1.05E+00	1.17E+00
CRUK0069_SU_T1-R4	2.68E+00	2.18E+00	3.51E+00	1.55E+00	6.67E-01
CRUK0069_SU_T1-R5	2.92E+00	1.80E+00	2.58E+00	1.86E+00	8.22E-01
CRUK0070_SU_T1-R1	2.08E+01	4.60E+00	1.93E+01	7.68E+00	2.59E+00
CRUK0070_SU_T1-R2	1.81E+01	3.74E+00	1.78E+01	7.49E+00	2.41E+00
CRUK0070_SU_T1-R4	1.16E+01	2.83E+00	1.13E+01	5.93E+00	1.33E+00
CRUK0070_SU_T1-R6	1.06E+01	2.87E+00	1.05E+01	5.52E+00	1.80E+00
CRUK0070_SU_T1-R7	3.45E-01	2.19E-01	6.68E-01	2.03E+00	1.75E+00
CRUK0071_SU_T1-R1	1.25E+01	3.27E+00	1.07E+01	4.82E+00	8.24E-01
CRUK0071_SU_T1-R2	4.24E+00	1.56E+00	4.00E+00	1.50E+00	6.50E-01
CRUK0071_SU_T1-R3	4.82E+00	1.29E+00	4.15E+00	2.21E+00	6.56E-01
CRUK0071_SU_T1-R5	9.61E-01	3.63E-01	1.03E+00	4.77E-01	1.16E+00
CRUK0071_SU_T1-R6	3.21E+00	1.61E+00	2.73E+00	2.23E+00	4.37E-01
CRUK0071_SU_T1-R7	1.23E+01	3.04E+00	1.10E+01	4.25E+00	1.02E+00
CRUK0072_SU_T1-R1	5.35E+00	1.94E+00	5.14E+00	2.85E+00	1.21E+00
CRUK0072_SU_T1-R2	1.83E+01	3.64E+00	1.82E+01	7.90E+00	1.12E+00
CRUK0072_SU_T1-R3	2.14E+00	1.18E+00	1.84E+00	2.25E+00	1.09E+00
CRUK0072_SU_T1-R4	1.65E+01	3.42E+00	1.62E+01	6.47E+00	1.15E+00
CRUK0073_SU_T1-R1	2.94E+01	5.30E+00	2.59E+01	1.46E+01	1.39E+00
CRUK0073_SU_T1-R2	6.60E+00	2.25E+00	5.55E+00	3.69E+00	8.90E-01
CRUK0074_SU_T1-R1	4.31E+00	2.22E+00	9.43E+00	1.02E+01	1.02E+00
CRUK0074_SU_T1-R2	2.03E+00	1.36E+00	3.73E+00	3.36E+00	8.05E-01
CRUK0074_SU_T1-R3	1.84E+00	1.04E+00	1.30E+00	2.10E+00	9.10E-01
CRUK0075_SU_T1-R1	2.08E+00	1.99E+00	1.82E+00	2.16E+00	9.82E-01
CRUK0075_SU_T1-R2	7.56E+00	2.39E+00	5.38E+00	6.80E+00	9.30E-01
CRUK0076_SU_T1-R1	8.66E+00	2.16E+00	8.46E+00	3.56E+00	1.42E+00
CRUK0076_SU_T1-R2	1.30E+01	3.66E+00	1.32E+01	6.94E+00	8.09E-01
CRUK0076_SU_T1-R3	6.14E+00	2.97E+00	6.48E+00	2.53E+00	7.97E-01
CRUK0076_SU_T1-R4	8.41E+00	3.44E+00	9.06E+00	2.64E+00	6.69E-01
CRUK0077_SU_T1-R1	4.42E+00	1.86E+00	3.69E+00	2.97E+00	7.87E-01
CRUK0077_SU_T1-R2	1.41E+01	2.49E+00	1.32E+01	4.76E+00	1.23E+00
CRUK0077_SU_T1-R3	3.25E+01	4.87E+00	3.10E+01	1.08E+01	1.97E+00
CRUK0078_SU_T1-R2	2.04E+00	8.59E-01	1.74E+00	1.19E+00	1.33E+00
CRUK0078_SU_T1-R3	1.31E+00	5.89E-01	1.30E+00	5.84E-01	1.15E+00
CRUK0078_SU_T1-R4	1.39E+00	4.49E-01	1.38E+00	3.80E-01	3.18E-01
CRUK0079_SU_T1-R1	4.73E+00	1.29E+00	4.42E+00	2.02E+00	8.05E-01
CRUK0079_SU_T1-R2	9.09E+00	2.16E+00	8.69E+00	3.58E+00	8.41E-01
CRUK0079_SU_T1-R3	8.05E+00	2.12E+00	6.64E+00	3.81E+00	1.06E+00
CRUK0079_SU_T1-R4	1.05E+01	2.39E+00	1.01E+01	3.68E+00	8.34E-01
CRUK0080_SU_T1-R2	1.43E+00	1.07E+00	1.00E+00	2.15E+00	1.36E+00
CRUK0080_SU_T1-R3	1.59E+00	6.16E-01	1.39E+00	4.57E-01	8.40E-01
CRUK0080_SU_T1-R4	2.71E+00	1.04E+00	3.02E+00	1.46E+00	1.04E+00
CRUK0080_SU_T1-R5	3.36E+00	1.50E+00	3.05E+00	2.08E+00	6.57E-01
CRUK0080_SU_T1-R6	2.70E+00	1.17E+00	3.26E+00	1.41E+00	1.34E+00
CRUK0081_SU_T1-R1	1.43E+00	9.29E-01	1.19E+00	7.71E-01	4.81E-01
CRUK0081_SU_T1-R5	3.85E+00	1.82E+00	3.68E+00	1.63E+00	7.64E-01
CRUK0081_SU_T1-R6	7.59E-01	2.29E-01	6.37E-01	3.12E-01	4.03E-01
CRUK0082_SU_T1-R1	7.88E+00	1.98E+00	7.12E+00	3.45E+00	3.71E-01
CRUK0082_SU_T1-R2	5.47E+00	1.32E+00	5.13E+00	2.44E+00	2.86E-01
CRUK0082_SU_T1-R3	1.77E+00	8.74E-01	1.67E+00	9.42E-01	0.00E+00
CRUK0082_SU_T1-R4	9.55E+00	2.49E+00	8.55E+00	3.38E+00	1.32E+00
CRUK0082_SU_T1-R5	4.11E+00	1.84E+00	3.78E+00	2.51E+00	1.03E+00
CRUK0083_SU_T1-R1	1.21E+01	2.98E+00	9.50E+00	7.65E+00	1.00E+00
CRUK0083_SU_T1-R2	1.30E+01	3.07E+00	1.00E+01	9.08E+00	1.62E+00
CRUK0083_SU_T1-R3	9.11E+00	2.55E+00	7.58E+00	7.30E+00	8.08E-01
CRUK0083_SU_T1-R4	2.42E+01	4.43E+00	2.32E+01	9.59E+00	2.50E+00
CRUK0084_SU_T1-R1	9.87E+00	2.04E+00	9.36E+00	3.38E+00	5.12E-01
CRUK0084_SU_T1-R2	6.17E+00	2.01E+00	5.64E+00	2.90E+00	1.07E+00
CRUK0084_SU_T1-R3	5.24E+00	1.14E+00	5.24E+00	1.54E+00	1.07E+00
CRUK0084_SU_T1-R4	6.59E+00	1.63E+00	6.11E+00	2.24E+00	5.51E-01
CRUK0085_SU_T1-R1	1.95E+00	1.74E+00	5.85E+00	6.91E+00	7.19E-01
CRUK0085_SU_T1-R2	3.55E+00	2.62E+00	1.30E+01	1.44E+01	8.86E-01
CRUK0085_SU_T1-R3	2.73E+00	3.26E+00	1.54E+01	1.32E+01	9.44E-01
CRUK0085_SU_T1-R4	5.49E+00	2.75E+00	9.26E+00	8.54E+00	1.04E+00
CRUK0086_SU_T1-R1	1.54E+00	1.80E+00	1.31E+00	1.71E+00	8.39E-01
CRUK0086_SU_T1-R2	5.46E+00	2.51E+00	5.42E+00	3.00E+00	1.09E+00
CRUK0086_SU_T1-R4	2.12E+00	1.98E+00	1.89E+00	2.72E+00	8.26E-01
CRUK0087_SU_T1-R1	1.97E+00	1.73E+00	8.58E+00	7.17E+00	8.90E-01
CRUK0087_SU_T1-R2	1.84E+00	1.65E+00	8.56E+00	7.15E+00	7.13E-01
CRUK0087_SU_T1-R3	1.55E+00	1.16E+00	6.15E+00	5.64E+00	4.85E-01
CRUK0088_SU_T1-R1	2.01E+00	1.34E+00	2.74E+00	3.26E+00	6.31E-01
CRUK0088_SU_T1-R2	3.88E+00	1.65E+00	2.62E+00	4.29E+00	1.11E+00
CRUK0089_SU_T1-R1	7.04E-01	5.40E-01	3.79E-01	5.27E-01	3.65E-01
CRUK0089_SU_T1-R2	1.18E+00	2.51E+00	3.32E+00	2.22E+00	8.69E-01
CRUK0090_SU_T1-R1	9.84E+00	2.03E+00	1.02E+01	3.01E+00	1.51E+00
CRUK0090_SU_T1-R2	1.14E+01	3.02E+00	1.05E+01	3.93E+00	1.16E+00
CRUK0091_SU_T1-R1	7.96E-01	2.58E-01	6.24E-01	4.10E-01	4.79E-01
CRUK0091_SU_T1-R2	1.86E+00	1.19E+00	1.79E+00	9.19E-01	4.23E-01
CRUK0092_SU_T1-R1	2.00E+00	1.15E+00	1.58E+00	1.37E+00	8.80E-01
CRUK0092_SU_T1-R2	9.26E-01	5.98E-01	6.55E-01	4.29E-02	4.93E-01
CRUK0093_SU_T1-R1	1.29E+00	6.33E-01	1.24E+00	5.71E-01	1.30E-01
CRUK0093_SU_T1-R2	1.88E+00	1.80E+00	1.60E+00	2.82E+00	1.06E+00
CRUK0094_SU_T1-R1	1.84E+00	8.95E-01	1.46E+00	1.19E+00	6.79E-01
CRUK0094_SU_T1-R2	2.07E+00	1.20E+00	2.20E+00	8.87E-01	8.50E-01
CRUK0094_SU_T1-R3	1.59E+00	9.13E-01	1.52E+00	1.37E+00	6.23E-01
CRUK0094_SU_T1-R4	1.65E+00	6.26E-01	1.40E+00	1.65E+00	6.41E-01
CRUK0095_SU_T1-R1	1.36E+00	1.02E+00	8.61E-01	1.87E+00	6.65E-01
CRUK0095_SU_T1-R2	1.63E-01	2.38E-01	7.48E-01	2.27E+00	1.84E+00
CRUK0095_SU_T1-R3	1.56E+00	1.69E+00	1.16E+00	2.84E+00	7.42E-01
CRUK0096_SU_T1-R1	3.47E+00	1.81E+00	3.01E+00	2.03E+00	1.26E+00
CRUK0096_SU_T1-R2	4.60E+00	1.38E+00	4.01E+00	2.19E+00	5.34E-01
CRUK0096_SU_T1-R3	3.28E+00	1.21E+00	3.69E+00	1.56E+00	1.18E+00
CRUK0096_SU_T1-R4	5.97E+00	2.58E+00	5.22E+00	3.02E+00	1.18E+00
CRUK0096_SU_T1-R5	5.39E+00	2.37E+00	5.30E+00	3.06E+00	9.27E-01
CRUK0096_SU_T1-R6	3.08E+00	2.41E+00	2.65E+00	2.91E+00	7.85E-01
CRUK0096_SU_T1-R7	7.64E+00	2.36E+00	6.68E+00	4.25E+00	1.11E+00
CRUK0097_SU_T1-R1	4.44E+00	1.22E+00	4.20E+00	1.71E+00	5.65E-01
CRUK0097_SU_T1-R2	5.89E+00	2.00E+00	4.69E+00	3.02E+00	1.09E+00
CRUK0098_SU_T1-R1	2.10E+00	7.17E-01	1.82E+00	8.67E-01	3.71E-01
CRUK0098_SU_T1-R2	1.95E+00	2.16E+00	1.94E+00	2.44E+00	6.84E-01
CRUK0098_SU_T1-R3	2.69E+00	2.33E+00	2.65E+00	1.85E+00	6.05E-01
CRUK0099_SU_T1-R1	1.95E+00	1.47E+00	7.50E+00	6.74E+00	6.72E-01
CRUK0099_SU_T1-R2	2.15E+00	8.01E-01	2.11E+00	1.45E+00	7.67E-01
CRUK0099_SU_T1-R3	2.99E+00	1.46E+00	4.64E+00	4.65E+00	8.85E-01
CRUK0099_SU_T1-R4	1.90E+00	4.07E-01	2.41E+00	2.46E+00	8.07E-01
CRUK0099_SU_T1-R5	1.44E+00	6.35E-01	1.37E+00	1.26E+00	6.08E-01
CRUK0099_SU_T1-R6	1.85E+00	9.60E-01	3.35E+00	3.40E+00	6.35E-01
CRUK0099_SU_T1-R7	1.50E+00	6.68E-01	1.46E+00	8.94E-01	4.40E-01
CRUK0100_SU_T1-R1	1.01E+01	2.61E+00	9.55E+00	3.48E+00	7.98E-01
CRUK0100_SU_T1-R2	8.34E+00	2.40E+00	8.57E+00	3.08E+00	1.75E+00
CRUK0100_SU_T1-R3	5.80E+00	2.13E+00	5.41E+00	2.34E+00	1.87E+00
