Samples	SBS1	SBS2	SBS3	SBS4	SBS5	SBS6	SBS7a	SBS7b	SBS7c	SBS7d	SBS8	SBS9	SBS10a	SBS10b	SBS10c	SBS10d	SBS11	SBS12	SBS13	SBS14	SBS15	SBS16	SBS17a	SBS17b	SBS18	SBS19	SBS20	SBS21	SBS22a	SBS22b	SBS23	SBS24	SBS25	SBS26	SBS27	SBS28	SBS29	SBS30	SBS31	SBS32	SBS33	SBS34	SBS35	SBS36	SBS37	SBS38	SBS39	SBS40a	SBS40b	SBS40c	SBS41	SBS42	SBS43	SBS44	SBS45	SBS46	SBS47	SBS48	SBS49	SBS50	SBS51	SBS52	SBS53	SBS54	SBS55	SBS56	SBS57	SBS58	SBS59	SBS60	SBS84	SBS85	SBS86	SBS87	SBS88	SBS89	SBS90	SBS91	SBS92	SBS93	SBS94	SBS95	SBS96	SBS97	SBS98	SBS99
CRUK0001_SU_T1-R1	0	0	0	0	0	320	0	0	0	0	0	0	0	0	0	0	0	0	0	0	0	0	0	0	0	0	0	0	0	0	0	0	0	0	0	0	0	0	147	0	0	0	0	0	0	0	320	0	0	0	0	0	186	0	0	225	0	0	0	0	0	0	0	322	0	0	0	0	0	0	0	0	0	280	0	0	0	0	0	0	0	0	0	0	0	0
CRUK0001_SU_T1-R2	206	0	0	0	0	272	0	0	0	0	0	0	0	0	0	0	0	0	0	0	0	0	0	0	0	0	0	0	0	0	0	0	0	144	0	0	0	0	243	210	0	0	0	0	0	0	196	0	0	0	0	0	0	0	0	227	0	0	0	0	0	0	0	365	0	0	0	0	0	0	0	0	0	391	0	0	0	0	0	0	0	0	0	0	0	0
CRUK0001_SU_T1-R3	0	0	0	0	0	1474	0	0	0	0	0	0	0	0	0	0	0	0	0	0	0	0	0	0	0	0	0	0	0	0	0	0	0	0	0	0	0	0	536	0	0	0	0	0	0	0	1031	0	0	0	0	0	0	0	0	685	0	0	0	0	0	0	0	1332	0	0	0	0	0	0	0	0	0	752	0	0	0	0	0	0	0	0	0	0	0	0
CRUK0002_SU_T1-R1	0	0	0	0	0	503	0	0	0	0	0	0	0	0	0	0	0	0	0	0	0	0	0	0	0	0	0	0	0	0	0	0	0	0	0	0	0	0	0	0	0	0	0	0	0	0	284	0	0	0	0	0	0	0	0	313	0	0	0	0	0	0	0	677	0	0	0	0	0	0	0	0	0	758	0	0	0	0	0	0	0	0	0	0	0	0
CRUK0002_SU_T1-R2	0	0	0	0	0	609	0	0	0	0	0	0	0	0	0	0	0	0	0	0	0	0	0	0	0	0	0	0	0	0	0	0	0	0	0	0	0	0	338	0	0	0	0	0	0	0	276	0	0	0	0	0	0	0	0	472	0	0	0	0	0	0	0	712	0	0	0	0	0	0	0	0	0	630	0	0	0	0	0	0	0	0	0	0	0	0
CRUK0002_SU_T1-R3	0	0	0	0	0	69	0	0	0	0	0	0	0	0	0	0	0	139	0	0	0	0	0	0	0	0	0	0	0	0	0	0	0	0	0	0	0	0	69	57	0	0	0	0	0	0	112	0	0	0	0	0	58	0	0	0	0	0	0	0	0	0	0	91	0	0	0	75	0	0	0	0	0	62	0	0	0	0	0	0	0	0	0	0	0	0
CRUK0003_SU_T1-R1	708	0	0	0	987	1693	0	0	0	0	0	0	0	0	0	0	0	0	0	0	0	0	0	0	0	0	0	0	0	0	0	0	0	0	0	0	0	0	727	672	0	0	0	0	0	0	1318	0	0	0	0	0	0	0	0	845	0	0	0	0	0	0	0	1815	0	0	0	0	0	0	0	0	0	1200	0	0	0	0	0	0	0	0	0	0	0	0
CRUK0003_SU_T1-R2	146	0	0	0	0	204	0	0	0	0	0	0	0	0	0	0	0	201	0	0	0	0	0	0	0	0	0	0	0	0	0	0	0	0	0	0	0	0	0	231	0	0	0	0	0	0	237	0	0	0	0	0	176	0	0	173	0	0	0	0	0	0	0	268	0	0	0	0	0	0	0	0	0	144	0	0	0	0	0	0	0	0	152	0	0	0
CRUK0003_SU_T1-R3	0	0	0	0	0	1684	0	612	0	0	0	0	0	0	0	0	0	0	0	0	0	0	0	0	0	0	0	0	0	0	0	0	0	0	0	0	0	0	0	0	0	0	0	0	0	0	1174	0	0	0	0	0	689	0	0	943	0	0	0	0	0	0	0	1561	0	0	0	0	0	0	0	0	0	1051	0	0	0	0	0	0	0	0	0	0	0	0
CRUK0003_SU_T1-R4	0	0	0	0	0	2142	0	0	0	0	0	0	0	0	0	0	0	0	0	0	0	0	0	0	0	0	0	0	0	0	0	0	0	0	0	0	0	0	847	747	0	0	0	0	0	0	1505	0	0	0	0	0	0	0	0	1034	0	0	0	0	0	0	0	2026	0	0	0	0	0	0	0	0	0	1209	0	0	0	0	0	0	0	0	0	0	0	0
CRUK0003_SU_T1-R6	0	0	0	0	0	1359	0	523	0	0	0	0	0	0	0	0	0	0	0	0	0	0	0	0	0	0	0	0	0	0	0	0	0	0	0	0	0	0	0	516	0	0	0	0	0	0	1262	0	0	0	0	0	593	0	0	883	0	0	0	0	0	0	0	1349	0	0	0	0	0	0	0	0	0	928	0	0	0	0	0	0	527	0	0	0	0	0
CRUK0004_SU_T1-R1	0	0	0	0	0	1379	0	0	0	0	0	0	0	0	0	0	0	0	0	0	0	0	0	0	0	0	0	0	0	0	0	0	0	0	0	0	0	0	516	0	0	0	0	0	0	0	1131	0	0	0	0	0	0	0	0	648	0	0	0	0	0	0	0	1078	0	0	0	0	0	0	0	0	0	711	0	0	0	0	0	0	0	0	0	0	0	0
CRUK0004_SU_T1-R2	0	0	0	0	0	806	0	0	0	0	0	0	0	0	0	0	0	0	0	0	0	0	0	0	0	0	0	0	0	0	0	0	0	0	0	0	0	0	316	0	0	0	0	0	0	0	503	0	0	0	0	0	0	0	0	359	0	0	0	0	0	0	0	725	0	0	0	0	0	0	0	0	0	553	0	0	0	0	0	0	0	0	0	0	0	0
CRUK0004_SU_T1-R3	0	0	624	0	0	1222	0	0	0	0	0	0	0	0	0	0	0	0	0	0	0	0	0	0	0	0	0	0	0	0	0	0	0	0	0	0	0	0	616	0	0	0	0	0	0	0	774	0	0	0	0	0	0	0	0	680	0	0	0	0	0	0	0	1040	0	0	0	0	0	0	0	0	0	468	0	0	0	0	0	0	0	0	0	0	0	0
CRUK0004_SU_T1-R4	0	0	389	0	0	761	0	0	0	0	0	0	0	0	0	0	0	0	0	0	0	0	0	0	0	0	0	0	0	0	0	0	0	0	0	0	0	0	474	0	0	0	0	0	0	0	376	0	0	0	0	0	0	0	0	515	0	0	0	0	0	0	0	687	0	0	0	0	0	0	0	0	0	478	0	0	0	0	0	0	0	0	0	0	0	0
CRUK0005_SU_T1-R1	0	0	0	0	0	1605	0	0	0	0	0	0	0	0	0	0	0	0	0	0	0	0	0	0	0	0	0	0	0	0	0	0	0	0	0	0	0	0	800	639	0	0	0	0	0	0	1173	0	0	0	0	0	0	0	0	741	0	0	0	0	0	0	0	1547	0	0	0	0	0	0	0	0	0	931	0	0	0	0	0	0	0	0	0	0	0	0
CRUK0005_SU_T1-R2	0	0	0	453	0	1105	0	0	0	0	0	0	0	0	0	0	0	0	0	0	0	0	0	0	0	0	0	0	0	0	0	0	0	0	0	0	0	0	536	0	0	0	0	0	411	0	788	0	0	0	0	0	0	0	0	492	0	0	0	0	0	0	0	1027	0	0	0	0	0	0	0	0	0	666	0	0	0	0	0	0	0	0	0	0	0	0
CRUK0005_SU_T1-R3	0	0	543	605	0	1407	0	0	0	0	0	0	0	0	0	0	0	0	0	0	0	0	0	0	0	0	0	0	0	0	0	0	0	0	0	0	0	0	612	0	0	0	0	0	0	0	654	0	0	0	0	0	0	0	0	546	0	0	0	0	0	0	0	1319	0	0	0	0	0	0	0	0	0	863	0	0	0	0	0	0	0	0	0	0	0	0
CRUK0005_SU_T1-R4	0	0	0	0	0	1183	0	0	0	0	0	0	0	0	0	0	0	0	0	0	0	0	0	0	0	0	0	0	0	0	0	0	0	0	0	0	0	0	495	0	0	0	0	0	0	0	823	0	0	0	0	0	0	0	0	552	0	0	0	0	0	0	0	1282	0	0	0	0	0	0	0	0	0	846	0	0	0	0	0	0	0	0	0	0	0	0
CRUK0006_SU_T1-R1	0	0	0	0	0	831	0	0	0	0	0	0	0	0	0	0	0	0	0	0	0	0	0	0	0	0	0	0	0	0	0	0	0	0	0	0	0	0	381	0	0	0	0	0	0	0	311	0	0	0	0	0	0	0	0	431	0	0	0	0	0	0	0	732	0	0	0	0	0	0	0	0	0	621	0	0	0	0	0	0	0	0	0	0	0	0
CRUK0006_SU_T1-R2	0	0	0	0	0	689	0	0	0	0	0	0	0	0	0	0	0	0	0	0	0	0	0	0	0	0	0	0	0	0	0	0	0	0	0	0	0	0	288	0	0	0	0	0	0	0	479	0	0	0	0	0	0	0	0	438	0	0	0	0	0	0	0	572	0	0	0	0	0	0	0	0	0	309	0	0	0	0	0	0	279	0	0	0	0	0
CRUK0007_SU_T1-R1	688	0	0	0	1196	1415	0	0	0	0	0	0	0	0	0	0	0	0	0	0	0	0	0	0	0	0	0	0	0	0	0	0	0	0	0	0	0	0	0	681	0	0	0	0	0	0	816	0	0	0	0	0	0	0	0	735	0	0	0	0	0	0	0	1498	0	0	0	0	0	0	0	0	0	717	0	0	0	0	0	0	0	0	0	0	0	0
CRUK0007_SU_T1-R2	0	0	0	0	0	2338	0	0	0	0	0	0	0	0	0	0	0	0	0	0	0	0	0	0	0	0	0	0	0	0	0	0	0	0	0	0	0	0	781	0	0	0	0	0	0	0	1522	0	0	0	0	0	0	0	0	1016	0	0	0	0	0	0	0	2181	0	0	0	0	0	0	0	0	0	851	0	0	0	0	0	0	0	0	0	0	0	0
CRUK0008_SU_T1-R1	0	0	0	0	315	286	0	0	0	0	0	0	0	0	0	0	0	0	0	0	0	0	0	0	0	0	0	0	0	0	0	0	0	0	0	0	0	0	196	0	0	0	0	0	0	0	313	0	0	0	0	0	0	0	0	196	0	0	0	0	0	0	0	366	0	0	0	0	0	0	0	0	0	250	0	0	0	0	0	0	0	0	0	0	0	0
CRUK0008_SU_T1-R2	0	0	0	0	398	571	0	0	0	0	0	0	0	0	0	0	0	0	0	0	0	0	0	0	0	0	0	0	0	0	0	0	0	0	0	0	0	0	320	0	0	0	0	0	0	0	328	0	0	0	0	0	0	0	0	258	0	0	0	0	0	0	0	488	0	0	0	0	0	0	0	0	0	0	0	0	0	0	0	0	0	0	0	0	0	0
CRUK0009_SU_T1-R1	506	0	0	0	915	903	0	0	0	0	0	0	0	0	0	0	0	0	0	0	0	0	0	0	0	0	0	0	0	0	0	0	0	0	0	0	0	0	431	423	0	0	0	0	0	0	423	0	0	0	0	0	0	0	0	740	0	0	0	0	0	0	0	1199	0	0	0	0	0	0	0	0	0	1058	0	0	0	0	0	0	0	0	0	0	0	0
CRUK0009_SU_T1-R2	0	0	0	0	571	515	0	0	0	0	0	0	0	0	0	0	0	0	0	0	0	0	0	0	0	0	0	0	0	0	0	0	0	0	0	0	0	0	371	326	0	0	0	0	0	0	282	0	0	0	0	0	0	0	0	340	0	0	0	0	0	0	0	544	0	0	0	0	0	0	0	0	0	601	0	0	0	0	0	0	0	0	0	0	0	0
CRUK0009_SU_T1-R3	0	0	0	0	0	1252	0	433	0	0	0	0	0	0	0	0	0	0	0	0	0	0	0	0	0	0	0	0	0	0	0	0	0	0	0	0	0	0	0	0	0	0	0	0	0	0	737	0	0	0	0	0	0	0	0	694	0	0	0	0	0	0	0	1090	0	0	0	0	0	0	0	0	0	829	0	0	0	0	0	0	0	0	0	0	0	0
CRUK0009_SU_T1-R4	670	0	0	0	0	1837	0	0	0	0	0	0	0	0	0	0	0	0	0	0	0	0	0	0	0	0	0	0	0	0	0	0	0	0	0	0	0	0	877	687	0	0	0	0	0	0	1289	0	0	0	0	0	0	0	0	1192	0	0	0	0	0	0	0	1700	0	0	0	0	0	0	0	0	0	1334	0	0	0	0	0	0	0	0	0	0	0	0
CRUK0010_SU_T1-R1	417	0	0	0	0	873	0	0	0	0	0	0	0	0	0	0	0	0	0	0	0	0	0	0	0	0	0	0	0	0	0	0	0	0	0	0	0	0	526	435	0	0	0	0	0	0	814	0	0	0	0	0	0	0	0	602	0	0	0	0	0	0	0	934	0	0	0	0	0	0	0	0	0	754	0	0	0	0	0	0	0	0	0	0	0	0
CRUK0010_SU_T1-R2	0	0	0	0	0	839	0	0	0	0	0	0	0	0	0	0	0	0	0	0	0	0	0	0	0	0	0	0	0	0	0	0	0	0	0	0	0	0	446	329	0	0	0	0	0	0	751	0	0	0	0	0	0	0	0	520	0	0	0	0	0	0	0	804	0	0	0	0	0	0	0	0	0	526	0	0	0	0	0	0	0	0	0	0	0	0
CRUK0011_SU_T1-R1	0	0	0	0	0	1276	0	0	0	0	0	0	0	0	0	0	0	0	0	0	0	0	0	0	0	0	0	0	0	0	0	0	0	0	0	0	0	0	571	0	0	0	0	0	0	0	1000	0	0	0	0	0	0	0	0	659	0	0	0	0	0	0	0	1101	0	0	0	0	0	0	0	0	0	517	0	0	0	0	0	0	0	0	0	0	0	0
CRUK0011_SU_T1-R2	0	0	0	639	495	1552	0	0	0	0	0	0	0	0	0	0	0	0	0	0	0	0	0	0	0	0	0	0	0	0	0	0	0	0	0	0	0	0	579	0	0	0	0	0	0	0	1016	0	0	0	0	0	0	0	0	804	0	0	0	0	0	0	0	1341	0	0	0	0	0	0	0	0	0	705	0	0	0	0	0	0	0	0	0	0	0	0
CRUK0011_SU_T1-R3	0	0	0	0	0	995	0	0	0	0	0	0	0	0	0	0	0	0	0	0	0	0	0	0	0	0	0	0	0	0	0	0	0	0	0	0	0	0	351	0	0	0	0	0	0	0	718	0	0	0	0	0	0	0	0	518	0	0	0	0	0	0	0	863	0	0	0	0	0	0	0	0	0	661	0	0	0	0	0	0	0	0	0	0	0	0
CRUK0012_SU_T1-R1	0	0	0	0	0	740	0	0	0	0	0	0	0	0	0	0	0	0	0	0	0	0	0	0	0	0	0	0	0	0	0	0	0	0	0	0	0	0	370	409	0	0	0	0	0	0	508	0	0	0	0	0	0	0	0	307	0	0	0	0	0	0	0	873	0	0	0	0	0	0	0	0	0	526	0	0	0	0	0	0	0	0	0	0	0	0
CRUK0012_SU_T1-R2	365	0	0	0	0	916	0	0	0	0	0	0	0	0	0	0	0	0	0	0	0	0	0	0	0	0	0	0	0	0	0	0	0	0	0	0	0	0	512	359	0	0	0	0	0	0	650	0	0	0	0	0	0	0	0	364	0	0	0	0	0	0	0	977	0	0	0	0	0	0	0	0	0	548	0	0	0	0	0	0	0	0	0	0	0	0
CRUK0013_SU_T1-R1	0	0	0	0	0	571	0	218	0	0	0	0	0	0	0	0	0	0	0	0	0	0	0	0	0	0	0	0	0	0	0	0	0	0	0	0	0	0	333	0	0	0	0	0	0	0	427	0	0	0	0	0	227	0	0	541	0	0	0	0	0	0	0	420	0	0	0	0	0	0	0	0	0	323	0	0	0	0	0	0	0	0	0	0	0	0
CRUK0013_SU_T1-R2	0	0	0	0	0	445	0	0	0	0	0	0	0	0	0	0	0	0	0	0	0	0	0	0	0	0	0	0	0	0	0	0	0	0	0	0	0	0	266	0	0	0	0	0	0	0	347	0	0	0	0	0	192	0	0	474	0	0	0	0	0	0	0	447	0	0	0	0	0	0	0	0	0	373	0	0	0	0	0	0	0	0	0	0	0	0
CRUK0013_SU_T1-R3	0	0	0	0	0	1336	0	483	0	0	0	0	0	0	0	0	0	0	0	0	0	0	0	0	0	0	0	0	0	0	0	0	0	0	0	0	0	0	565	0	0	0	0	0	0	0	755	0	0	0	0	0	0	0	0	809	0	0	0	0	0	0	0	979	0	0	0	0	0	0	0	0	0	1079	0	0	0	0	0	0	0	0	0	0	0	0
CRUK0014_SU_T1-R1	0	0	0	0	0	1102	0	346	0	0	0	0	0	0	0	0	0	0	0	0	0	0	0	0	0	0	0	0	0	0	0	0	0	0	0	0	0	0	0	0	0	0	0	0	0	0	645	0	0	0	0	0	0	0	0	436	0	0	0	0	0	0	0	979	0	0	0	0	0	0	0	0	0	571	0	0	0	0	0	0	0	0	0	0	0	0
CRUK0014_SU_T1-R2	150	0	0	0	0	203	0	0	0	0	0	0	0	0	0	0	0	149	0	0	0	0	0	0	0	0	0	0	0	0	0	0	0	0	0	0	0	0	0	139	0	0	0	0	0	0	136	0	0	0	0	0	0	0	0	0	0	0	0	0	0	0	0	299	0	0	0	0	0	0	0	0	0	166	0	0	0	0	0	0	0	0	0	0	0	0
CRUK0015_SU_T1-R1	0	0	352	350	0	305	0	0	0	0	0	0	0	0	0	0	0	0	0	0	0	0	0	0	0	0	526	0	0	0	0	748	0	0	0	0	0	0	0	0	0	0	0	0	0	0	0	0	0	0	0	0	0	0	354	343	0	0	0	0	0	0	0	449	0	0	0	0	0	0	0	0	0	328	0	0	0	0	0	0	389	0	0	0	0	0
CRUK0015_SU_T1-R2	349	0	579	0	0	563	0	0	0	0	0	0	0	0	0	0	0	0	0	0	0	0	0	0	0	0	0	0	0	0	0	0	0	0	0	0	0	0	0	0	0	0	0	0	0	0	0	0	0	311	0	0	0	0	0	555	0	0	0	0	0	0	0	692	0	0	0	0	0	0	0	0	0	328	0	0	0	0	0	0	0	0	0	0	0	0
CRUK0016_SU_T1-R1	811	0	0	0	1567	939	0	0	0	0	0	0	0	0	0	0	0	862	0	0	0	0	0	0	0	0	0	0	0	0	0	0	0	0	0	0	0	0	0	0	0	0	0	0	0	0	811	0	0	0	0	0	0	0	0	842	0	0	0	0	0	0	0	1332	0	0	0	0	0	0	0	0	0	761	0	0	0	0	0	0	0	0	0	0	0	0
CRUK0016_SU_T1-R2	0	0	0	0	0	894	0	0	0	0	0	0	0	0	0	0	0	0	661	0	0	0	0	0	0	0	0	0	0	0	0	0	0	0	0	0	0	0	519	0	0	0	0	0	0	0	837	0	0	0	0	0	0	0	0	512	0	0	0	0	0	0	0	886	0	0	0	0	0	0	0	0	0	758	0	0	0	0	0	0	0	0	0	0	0	0
CRUK0017_SU_T1-R1	521	0	0	0	567	736	0	0	0	0	0	0	0	0	0	0	0	0	0	0	0	0	0	0	0	0	0	0	0	0	0	0	0	0	0	0	0	0	658	470	0	0	0	0	0	0	691	0	0	0	0	0	0	0	0	591	0	0	0	0	0	0	0	988	0	0	0	0	0	0	0	0	0	642	0	0	0	0	0	0	0	0	0	0	0	0
CRUK0017_SU_T1-R2	0	0	260	478	0	700	0	0	0	0	0	0	0	0	0	0	0	0	0	0	0	0	0	0	0	0	0	0	0	0	0	0	0	0	0	0	0	0	0	0	0	0	0	0	0	0	263	0	0	0	0	0	0	0	0	258	0	0	0	0	0	0	0	526	0	0	0	0	0	0	0	0	0	428	0	0	0	0	0	0	0	0	0	0	0	0
CRUK0017_SU_T1-R3	0	0	0	786	0	1612	0	0	0	0	0	0	0	0	0	0	0	0	0	0	0	0	0	0	0	0	0	0	0	0	0	0	0	0	0	0	0	0	561	0	0	0	0	0	0	0	1032	0	0	0	0	0	0	0	0	699	0	0	0	0	0	0	0	1209	0	0	0	0	0	0	0	0	0	818	0	0	0	0	0	0	0	0	0	0	0	0
CRUK0017_SU_T1-R4	0	0	0	798	0	1233	0	0	0	0	0	0	0	0	0	0	0	0	0	0	0	0	0	0	0	0	0	0	0	0	0	0	0	0	0	0	0	0	0	0	0	0	0	0	0	0	584	0	0	0	0	0	0	0	0	619	0	0	0	0	0	0	0	989	0	0	0	0	0	0	0	0	0	511	0	0	0	0	0	0	0	0	0	0	0	0
CRUK0018_SU_T1-R1	0	0	0	0	0	867	0	0	0	0	0	0	0	0	0	0	0	0	0	0	0	0	0	0	0	0	0	0	0	0	0	0	0	0	0	0	0	0	0	0	0	0	0	0	0	0	825	0	0	0	0	0	0	0	0	522	0	0	0	0	0	0	0	1103	0	0	0	0	0	0	0	0	0	516	0	0	0	0	0	0	462	0	0	0	0	0
CRUK0018_SU_T1-R2	0	0	0	0	0	593	0	0	0	0	0	0	0	0	0	0	0	0	0	0	0	0	0	0	0	0	0	0	0	0	0	0	0	0	0	0	0	0	270	0	0	0	0	0	0	0	478	0	0	0	0	0	0	0	0	352	0	0	0	0	0	0	0	640	0	0	0	0	0	0	0	0	0	399	0	0	0	0	0	0	0	0	0	0	0	0
CRUK0018_SU_T1-R3	348	0	0	375	0	748	0	0	0	0	0	0	0	0	0	0	0	0	0	0	0	0	0	0	0	0	0	0	0	0	0	0	0	0	0	0	0	0	399	0	0	0	0	0	0	0	506	0	0	0	0	0	0	0	0	438	0	0	0	0	0	0	0	853	0	0	0	0	0	0	0	0	0	528	0	0	0	0	0	0	0	0	0	0	0	0
CRUK0018_SU_T1-R4	0	0	0	0	829	624	0	0	0	0	0	0	0	0	0	0	0	0	0	0	0	0	0	0	0	0	0	0	0	0	0	0	0	0	0	0	0	0	412	0	0	0	0	0	0	0	409	0	0	0	0	0	0	0	0	466	0	0	0	0	0	0	0	772	0	0	0	0	0	0	0	0	0	767	0	0	0	0	0	0	0	0	0	0	0	0
CRUK0019_SU_T1-R1	0	0	0	0	0	890	0	0	0	0	0	0	0	0	0	0	0	0	0	0	0	0	0	0	0	0	0	0	0	0	0	0	0	0	0	0	0	0	498	0	0	0	0	0	0	0	630	0	0	0	0	0	0	0	0	494	0	0	0	0	0	0	0	1068	0	0	0	0	0	0	0	0	0	653	0	0	0	0	0	0	0	0	0	0	0	0
CRUK0019_SU_T1-R2	522	0	0	0	1227	353	0	0	0	0	0	0	0	0	0	0	0	0	0	0	0	0	0	0	0	0	0	0	0	0	0	0	0	0	0	0	0	0	0	328	0	0	0	0	0	0	0	0	0	0	0	0	0	0	0	452	0	0	0	0	0	0	0	868	0	0	0	0	0	0	0	0	0	770	0	0	0	0	0	0	0	0	0	0	0	0
CRUK0020_SU_T1-R1	0	570	0	1691	0	990	0	465	0	0	0	0	0	0	0	0	0	0	0	0	0	0	0	0	0	0	0	0	0	0	0	0	0	0	0	0	0	0	0	0	0	0	0	0	0	0	850	0	0	0	0	0	0	0	0	459	0	0	0	0	0	0	0	944	0	0	0	0	0	0	0	0	0	610	0	0	0	0	0	0	0	0	0	0	0	0
CRUK0020_SU_T1-R2	0	0	0	699	0	365	0	0	0	0	0	0	0	0	0	0	0	0	0	0	0	0	0	0	0	0	0	0	0	0	0	0	0	0	0	0	0	0	210	0	0	0	0	0	0	0	426	0	0	0	0	0	0	0	0	304	0	0	0	0	0	0	0	399	0	0	0	0	0	0	0	0	0	205	0	0	0	0	0	0	0	0	0	0	0	0
CRUK0021_SU_T1-R1	0	0	0	0	0	146	0	0	0	0	0	0	0	0	0	0	0	0	0	0	0	0	0	0	0	0	0	0	0	0	0	0	0	0	0	0	0	0	132	79	0	0	0	0	72	0	148	0	0	0	0	0	0	0	0	133	0	0	0	0	0	0	0	168	0	0	0	0	0	0	0	0	0	129	0	0	0	0	0	0	0	0	0	0	0	0
CRUK0021_SU_T1-R2	0	0	0	0	186	384	0	0	0	0	0	0	0	0	0	0	0	0	0	0	0	0	0	0	0	0	0	0	0	0	0	0	0	0	0	0	0	0	152	0	0	0	0	0	0	0	190	0	0	0	0	0	0	0	0	181	0	0	0	0	0	0	0	406	0	0	0	0	0	0	0	0	0	449	0	0	0	0	0	0	0	0	0	0	0	0
CRUK0022_SU_T1-R1	0	0	0	0	0	535	0	0	0	0	0	0	0	0	0	0	0	261	0	0	0	0	0	0	0	0	0	0	0	0	0	0	0	0	0	0	0	0	0	339	0	0	0	0	0	0	469	0	0	0	0	0	0	0	0	0	0	0	0	0	0	0	0	581	0	0	0	0	0	0	0	0	0	512	0	0	0	0	0	0	0	0	0	0	0	0
CRUK0022_SU_T1-R2	0	0	0	0	0	737	0	0	0	0	0	0	0	0	0	0	0	275	0	0	0	0	0	0	0	0	0	0	0	0	0	0	0	0	0	0	0	0	275	326	0	0	0	0	0	0	288	0	0	0	0	0	0	0	0	317	0	0	0	0	0	0	0	745	0	0	0	0	0	0	0	0	0	558	0	0	0	0	0	0	0	0	0	0	0	0
CRUK0023_SU_T1-R1	484	0	0	0	779	1110	0	0	0	0	0	0	0	0	0	0	0	0	0	0	0	0	0	0	0	0	0	0	0	0	0	0	0	0	0	0	0	0	643	528	0	0	0	0	0	0	713	0	0	0	0	0	0	0	0	484	0	0	0	0	0	0	0	1294	0	0	0	0	0	0	0	0	0	938	0	0	0	0	0	0	0	0	0	0	0	0
CRUK0023_SU_T1-R2	0	0	0	0	0	367	0	0	0	0	0	0	0	0	0	0	0	0	0	0	0	0	0	0	0	0	0	0	0	0	0	0	0	0	0	0	0	0	168	0	0	0	0	0	0	0	324	0	0	0	0	0	0	0	0	256	0	0	0	0	0	0	0	352	0	0	0	0	0	0	0	0	0	254	0	0	0	0	0	0	224	0	0	0	0	0
CRUK0023_SU_T1-R3	0	0	0	0	0	1138	0	0	0	0	0	0	0	0	0	0	0	0	0	0	0	0	0	0	0	0	0	0	0	0	0	0	0	0	0	0	0	0	439	0	0	0	0	0	0	0	792	0	0	0	0	0	0	0	0	683	0	0	0	0	0	0	0	1218	0	0	0	0	0	0	0	0	0	906	0	0	0	0	0	0	0	0	0	0	0	0
CRUK0023_SU_T1-R4	353	0	0	0	0	852	0	0	0	0	0	0	0	0	0	0	0	0	0	0	0	0	0	0	0	0	0	0	0	0	0	0	0	0	0	0	0	0	424	0	0	0	0	0	0	0	722	0	0	0	0	0	0	0	0	500	0	0	0	0	0	0	0	941	0	0	0	0	0	0	0	0	0	746	0	0	0	0	0	0	0	0	0	0	0	0
CRUK0024_SU_T1-R1	0	0	2018	0	0	1084	0	0	0	0	0	0	0	0	0	0	0	0	0	0	0	0	0	0	0	0	0	0	0	0	0	0	0	0	0	0	0	0	0	0	0	0	0	0	0	0	0	0	0	0	0	0	0	0	0	1025	0	0	0	0	0	0	0	885	0	0	0	0	0	0	0	0	0	0	0	0	0	0	0	0	0	0	0	0	0	0
CRUK0024_SU_T1-R2	195	0	0	0	0	507	0	0	0	0	0	0	0	0	0	0	0	0	0	0	0	0	0	0	0	0	0	0	0	0	0	0	0	213	0	0	0	0	349	217	0	0	0	0	0	0	381	0	0	0	0	0	0	0	0	310	0	0	0	0	0	0	0	529	0	0	0	0	0	0	0	0	0	376	0	0	0	0	0	0	0	0	0	0	0	0
CRUK0024_SU_T1-R3	0	0	1366	0	0	1452	0	0	0	0	0	0	0	0	0	0	0	0	0	0	0	0	0	0	0	0	0	0	0	0	0	0	0	0	0	0	0	0	0	0	0	0	0	0	0	0	0	0	0	587	0	0	0	0	0	1003	0	0	0	0	0	0	0	1028	0	0	0	0	0	0	0	0	0	594	0	0	0	0	0	0	0	0	0	0	0	0
CRUK0024_SU_T1-R4	0	0	1226	428	0	1127	0	0	0	0	0	0	0	0	0	0	0	0	0	0	0	0	0	0	0	0	0	0	0	0	0	0	0	0	0	0	0	0	0	0	0	0	0	0	0	0	0	0	0	0	0	0	0	0	0	562	0	0	0	0	0	0	0	761	0	0	0	0	0	0	0	0	0	462	0	0	0	0	0	0	0	0	0	0	0	0
CRUK0024_SU_T1-R6	0	0	1444	0	0	903	0	0	0	0	0	0	0	0	0	0	0	0	0	0	0	0	0	0	0	0	0	0	0	0	0	0	0	0	0	0	0	0	0	0	0	0	0	0	0	0	0	0	0	775	0	0	0	0	0	780	0	0	0	0	0	0	0	887	0	0	0	0	0	0	0	0	0	447	0	0	0	0	0	0	0	0	0	0	0	0
CRUK0025_SU_T1-R1	0	0	0	0	532	771	0	0	0	0	0	0	0	0	0	0	0	0	0	0	0	0	0	0	0	0	0	0	0	0	0	0	0	0	0	0	0	0	379	0	0	0	0	0	0	0	644	0	0	0	0	0	0	0	0	664	0	0	0	0	0	0	0	1053	0	0	0	0	0	0	0	0	0	790	0	0	0	0	0	0	374	0	0	0	0	0
CRUK0025_SU_T1-R2	0	0	0	0	597	1395	0	0	0	0	0	0	0	0	0	0	0	0	0	0	0	0	0	0	0	0	0	0	0	0	0	0	0	0	0	0	0	0	666	574	0	0	0	0	0	0	918	0	0	0	0	0	0	0	0	925	0	0	0	0	0	0	0	1505	0	0	0	0	0	0	0	0	0	957	0	0	0	0	0	0	0	0	0	0	0	0
CRUK0025_SU_T1-R3	238	0	0	0	0	273	0	0	0	0	0	0	0	0	0	0	0	217	0	0	0	0	0	0	0	0	0	0	0	0	0	0	0	0	0	0	0	0	0	246	0	0	0	0	0	0	363	0	0	0	0	0	0	0	0	332	0	0	0	0	0	0	0	513	0	0	0	0	0	0	0	0	0	349	0	0	0	0	0	0	0	0	0	0	0	0
CRUK0026_SU_T1-R1	0	0	418	0	0	1074	0	0	0	0	0	0	0	0	0	0	0	0	0	0	0	0	0	0	0	0	0	0	0	0	0	0	420	0	0	0	0	0	0	0	0	0	0	0	0	0	444	0	0	549	0	0	0	0	0	869	0	0	0	0	0	0	0	771	0	0	0	0	0	0	0	0	0	0	0	0	0	0	0	0	0	0	0	0	0	0
CRUK0026_SU_T1-R2	0	0	0	0	373	796	0	0	0	0	0	0	0	0	0	0	0	0	0	0	0	0	0	0	0	0	0	0	0	0	0	0	0	0	0	0	0	0	0	0	0	0	0	0	0	0	523	0	0	0	0	0	0	0	0	407	0	0	0	0	0	0	0	648	0	0	0	0	0	0	0	0	0	633	0	0	0	0	0	0	0	0	0	0	0	0
CRUK0027_SU_T1-R1	75	0	0	0	0	108	0	0	0	0	0	0	0	0	0	0	0	78	0	0	0	0	0	0	0	84	0	0	0	0	0	0	0	0	0	0	0	0	67	0	0	0	0	0	0	0	81	0	0	0	0	0	0	0	0	58	0	0	0	0	0	0	0	164	0	0	0	0	0	0	0	0	0	138	0	0	0	0	0	0	0	0	0	0	0	0
CRUK0027_SU_T1-R2	0	0	0	413	0	432	0	0	0	0	0	0	0	0	0	0	0	0	0	0	0	0	0	0	0	0	0	0	0	0	0	0	0	0	0	0	0	0	180	0	0	0	0	0	0	0	293	0	0	0	0	0	0	0	0	312	0	0	0	0	0	0	0	348	0	0	0	0	0	0	0	0	0	275	0	0	0	0	0	0	0	0	0	0	0	0
CRUK0027_SU_T1-R3	0	0	0	0	323	336	0	0	0	0	0	0	0	0	0	0	0	0	0	0	0	0	0	0	0	0	0	0	0	0	0	0	0	0	0	0	0	0	246	0	0	0	0	0	0	0	207	0	0	0	0	0	0	0	0	190	0	0	0	0	0	0	0	359	0	0	0	0	0	0	0	0	0	223	0	0	0	0	0	0	0	0	0	0	0	0
CRUK0028_SU_T1-R1	0	0	0	0	0	531	0	0	0	0	0	0	0	0	0	0	0	368	0	0	0	0	0	0	0	0	0	0	0	0	0	0	0	0	0	0	0	0	314	0	0	0	0	0	0	0	321	0	0	0	0	0	0	0	0	0	0	0	0	0	0	0	0	551	0	0	0	0	0	0	0	0	0	479	0	0	0	0	0	0	0	0	0	0	0	0
CRUK0028_SU_T1-R2	0	0	0	0	0	881	0	0	0	0	0	0	0	0	0	0	0	0	0	0	0	0	0	0	0	0	0	0	0	0	0	0	0	0	0	0	0	0	370	313	0	0	0	0	0	0	770	0	0	0	0	0	0	0	0	472	0	0	0	0	0	0	0	981	0	0	0	0	0	0	0	0	0	565	0	0	0	0	0	0	0	0	0	0	0	0
CRUK0029_SU_T1-R1	0	0	0	0	0	178	0	0	0	0	0	0	0	0	0	0	0	109	0	0	0	0	0	0	0	0	0	0	0	0	0	0	0	0	0	0	0	0	127	0	0	0	0	0	0	0	275	0	0	120	0	0	0	0	0	129	0	0	0	0	0	0	0	204	0	0	0	0	0	0	0	0	0	164	0	0	0	0	0	0	0	0	0	0	0	0
CRUK0029_SU_T1-R2	155	0	0	0	0	110	0	0	0	0	0	0	0	0	0	0	0	0	0	0	0	0	0	0	0	0	0	0	0	0	0	0	0	0	0	0	0	0	0	0	0	0	0	0	0	0	220	0	0	0	0	0	0	0	0	203	0	0	0	0	0	0	0	230	0	0	0	0	0	0	0	0	0	0	0	0	0	0	0	0	103	0	0	0	0	0
CRUK0029_SU_T1-R4	290	0	0	0	575	184	0	0	0	0	0	0	0	0	0	0	0	0	0	0	0	0	0	0	0	0	0	0	0	0	0	0	0	0	0	0	0	0	185	0	0	0	0	0	0	0	370	0	0	0	0	0	0	0	0	392	0	0	0	0	0	0	0	442	0	0	0	0	0	0	0	0	0	0	0	0	0	0	0	0	0	0	0	0	0	0
CRUK0029_SU_T1-R5	215	0	0	0	651	176	0	0	0	0	0	0	0	0	0	0	0	0	0	0	0	0	0	0	0	0	0	0	0	0	0	0	0	0	0	0	0	0	0	257	0	0	0	0	0	0	0	0	0	0	0	0	0	0	0	212	0	0	0	0	0	0	0	429	0	0	0	0	0	0	0	0	0	320	0	0	0	0	0	0	0	0	0	0	0	0
CRUK0029_SU_T1-R6	270	0	0	0	0	511	0	0	0	0	0	0	0	0	0	0	0	0	0	0	0	0	0	0	0	0	0	0	0	0	0	0	0	0	0	0	0	0	238	289	0	0	0	0	0	0	625	0	0	0	0	0	0	0	0	389	0	0	0	0	0	0	0	604	0	0	0	0	0	0	0	0	0	0	0	0	0	0	300	0	0	0	0	0	0	0
CRUK0029_SU_T1-R7	0	0	0	0	0	421	0	139	0	0	0	0	0	0	0	0	0	0	0	0	0	0	0	0	0	0	0	0	0	0	0	0	0	0	0	0	0	0	0	156	0	0	0	0	0	0	322	0	0	0	0	0	0	0	0	188	0	0	0	0	0	0	0	337	0	0	0	0	0	0	0	0	0	165	0	0	0	0	0	0	0	0	0	0	0	0
CRUK0029_SU_T1-R8	261	0	0	0	0	538	0	0	0	0	0	0	0	0	0	0	0	0	0	0	0	0	0	0	0	0	0	0	0	0	0	0	0	0	0	0	0	0	352	241	0	0	0	0	0	0	485	0	0	0	0	0	0	0	0	425	0	0	0	0	0	0	0	688	0	0	0	0	0	0	0	0	0	347	0	0	0	0	0	0	0	0	0	0	0	0
CRUK0030_SU_T2-R1	0	0	0	0	0	258	0	225	0	0	0	0	0	0	0	0	0	0	0	0	247	0	0	0	0	0	0	0	0	0	0	0	0	0	0	0	217	0	0	0	0	0	0	0	0	0	298	0	0	0	0	0	0	0	0	0	0	0	0	0	0	0	0	407	0	0	0	0	0	0	0	0	0	440	0	0	0	0	0	0	0	0	0	0	0	0
CRUK0030_SU_T2-R2	0	0	0	0	0	316	0	0	0	0	0	0	0	0	0	0	0	0	0	0	0	0	0	0	0	0	0	0	0	0	0	0	0	0	0	0	0	0	196	152	0	0	0	0	191	0	237	0	0	0	0	0	0	0	0	0	0	0	0	0	0	0	0	402	0	0	0	0	0	0	0	0	0	371	0	0	0	0	0	0	0	0	0	0	0	0
CRUK0030_SU_T2-R3	0	0	0	0	0	436	0	0	0	0	0	0	0	0	0	0	0	0	0	0	0	0	0	0	0	0	0	0	0	0	0	0	0	230	0	0	0	0	225	185	0	0	0	0	0	0	235	0	0	0	0	0	0	0	0	0	0	0	0	0	0	0	0	362	0	0	0	0	0	0	0	0	0	477	0	0	0	0	0	0	0	0	0	0	0	0
CRUK0031_SU_T1-R1	0	0	0	0	0	2264	0	0	0	0	0	0	0	0	0	0	0	0	0	0	0	0	0	0	0	0	0	0	0	0	0	0	0	0	0	0	0	0	0	870	0	0	0	0	0	0	1552	0	0	0	0	0	0	0	0	1129	0	0	0	0	0	0	0	2056	0	0	0	0	0	0	0	0	0	1688	0	0	0	0	0	0	0	0	0	0	0	0
CRUK0031_SU_T1-R2	0	0	0	0	1503	1926	0	0	0	0	0	0	0	0	0	0	0	0	0	0	0	0	0	0	0	0	0	0	0	0	0	0	0	0	0	0	0	0	863	0	0	0	0	0	0	0	1897	0	0	0	0	0	0	0	0	0	0	0	0	0	0	0	0	1694	0	0	0	0	0	0	0	0	0	1420	0	0	0	0	0	0	0	0	0	0	0	0
CRUK0031_SU_T1-R3	0	0	0	0	0	1565	0	0	0	0	0	0	0	0	0	0	0	0	0	0	0	0	0	0	0	0	0	0	0	0	0	0	0	0	0	0	0	0	611	0	0	0	0	0	0	0	1133	0	0	0	0	0	0	0	0	842	0	0	0	0	0	0	0	1397	0	0	0	0	0	0	0	0	0	1039	0	0	0	0	0	0	0	0	0	0	0	0
CRUK0032_SU_T1-R1	0	0	0	0	646	1172	0	0	0	0	0	0	0	0	0	0	0	0	0	0	0	0	0	0	0	0	0	0	0	0	0	0	0	0	0	0	0	0	479	466	0	0	0	0	0	0	629	0	0	0	0	0	417	0	0	446	0	0	0	0	0	0	0	1175	0	0	0	0	0	0	0	0	0	868	0	0	0	0	0	0	0	0	0	0	0	0
CRUK0032_SU_T1-R2	0	0	0	1140	0	2136	0	0	0	0	0	0	0	0	0	0	0	0	0	0	0	0	0	0	0	0	0	0	0	0	0	0	0	0	0	0	0	0	845	0	0	0	0	0	0	0	1591	0	0	0	0	0	0	0	0	985	0	0	0	0	0	0	0	2105	0	0	0	0	0	0	0	0	0	1074	0	0	0	0	0	0	0	0	0	0	0	0
CRUK0032_SU_T1-R3	498	0	0	0	836	1250	0	0	0	0	0	0	0	0	0	0	0	0	0	0	0	0	0	0	0	0	0	0	0	0	0	0	0	0	0	0	0	0	739	559	0	0	0	0	0	0	935	0	0	0	0	0	0	0	0	514	0	0	0	0	0	0	0	1221	0	0	0	0	0	0	0	0	0	818	0	0	0	0	0	0	0	0	0	0	0	0
CRUK0032_SU_T1-R4	0	0	0	1485	0	2061	0	0	0	0	0	0	0	0	0	0	0	0	0	0	0	0	0	0	0	0	0	0	0	0	0	0	0	0	0	0	0	0	922	0	0	0	0	0	0	0	1327	0	0	0	0	0	0	0	0	939	0	0	0	0	0	0	0	2045	0	0	0	0	0	0	0	0	0	1058	0	0	0	0	0	0	0	0	0	0	0	0
CRUK0033_SU_T1-R1	0	0	0	0	0	2765	0	0	0	0	0	0	0	0	0	0	0	0	0	0	0	0	0	0	0	0	0	0	0	0	0	0	0	0	0	0	0	0	1236	1290	0	0	0	0	0	0	1701	0	0	0	0	0	0	0	0	1391	0	0	0	0	0	0	0	3094	0	0	0	0	0	0	0	0	0	1834	0	0	0	0	0	0	0	0	0	0	0	0
CRUK0033_SU_T1-R2	0	0	0	0	940	2128	0	0	0	0	0	0	0	0	0	0	0	0	0	0	0	0	0	0	0	0	0	0	0	0	0	0	0	0	0	0	0	0	941	0	0	0	0	0	0	0	1675	0	0	0	0	0	0	0	0	905	0	0	0	0	0	0	0	2151	0	0	0	0	0	0	0	0	0	1272	0	0	0	0	0	0	0	0	0	0	0	0
CRUK0034_SU_T1-R1	0	0	0	0	326	155	0	0	0	0	0	0	0	0	0	0	0	0	0	0	0	0	0	0	0	0	0	0	0	0	0	0	0	0	0	0	0	0	99	109	0	0	0	0	0	0	0	0	0	0	0	0	114	0	0	116	0	0	0	0	0	0	0	146	0	0	0	0	0	0	0	0	0	266	0	0	0	0	0	0	0	0	0	0	0	0
CRUK0034_SU_T1-R2	0	0	0	830	0	891	0	0	0	0	0	0	0	0	0	0	0	0	0	0	0	0	0	0	0	0	0	0	0	0	0	637	0	0	0	0	0	0	0	0	0	0	0	0	0	0	572	0	0	0	0	0	0	0	1021	0	0	0	0	0	0	0	0	740	0	0	0	0	0	0	0	0	0	0	0	0	0	0	0	0	1426	0	0	0	0	0
CRUK0034_SU_T1-R3	270	0	0	0	1381	0	0	0	0	0	0	0	0	0	0	0	0	0	0	0	0	0	0	0	0	0	0	0	0	0	0	0	0	0	0	0	0	0	0	0	0	0	0	0	0	0	0	0	0	0	0	0	0	0	0	308	0	0	0	0	0	0	0	399	0	0	0	0	0	0	0	0	0	413	0	0	0	0	0	0	0	0	0	0	0	0
CRUK0035_SU_T1-R1	0	0	0	0	0	1114	0	0	0	0	0	0	0	0	0	0	0	0	0	0	0	0	0	0	0	0	0	0	0	0	0	0	0	0	0	0	0	0	400	0	0	0	0	0	0	0	891	0	0	0	0	0	0	0	0	494	0	0	0	0	0	0	0	1117	0	0	0	0	0	0	0	0	0	651	0	0	0	0	0	0	0	0	0	0	0	0
CRUK0035_SU_T1-R2	0	0	0	0	1047	1938	0	0	0	0	0	0	0	0	0	0	0	0	0	0	0	0	0	0	0	0	0	0	0	0	0	0	0	0	0	0	0	0	0	0	0	0	0	0	0	0	1383	0	0	0	0	0	0	0	0	1092	0	0	0	0	0	0	0	1586	0	0	0	0	0	0	0	0	0	887	0	0	0	0	0	0	0	0	0	0	0	0
CRUK0035_SU_T1-R3	0	0	0	0	99	52	0	34	0	0	0	0	0	0	0	0	0	63	0	0	0	0	0	0	0	0	0	0	0	0	0	0	0	0	0	0	0	0	0	0	0	0	0	0	0	0	0	0	0	0	0	0	0	41	0	0	0	0	0	0	0	0	0	49	0	0	0	0	0	0	0	0	0	83	0	0	0	0	0	0	0	0	0	0	0	0
CRUK0036_SU_T1-R1	0	0	0	0	235	568	0	0	0	0	0	0	0	0	0	0	0	0	0	0	0	0	0	0	0	0	0	0	0	0	0	0	0	0	0	0	0	0	438	279	0	0	0	0	0	0	323	0	0	0	0	0	0	0	0	277	0	0	0	0	0	0	0	595	0	0	0	0	0	0	0	0	0	505	0	0	0	0	0	0	0	0	0	0	0	0
CRUK0036_SU_T1-R2	0	0	0	0	0	1000	0	0	0	0	0	0	0	0	0	0	0	0	0	0	0	0	0	0	0	0	0	0	0	0	0	0	0	0	0	0	0	0	435	342	0	0	0	0	0	0	686	0	0	0	0	0	0	0	0	452	0	0	0	0	0	0	0	832	0	0	0	0	0	0	0	0	0	762	0	0	0	0	0	0	0	0	0	0	0	0
CRUK0036_SU_T1-R3	82	0	0	0	267	54	0	0	0	0	0	0	0	0	0	0	0	0	0	0	0	0	0	0	0	0	0	0	0	0	0	0	0	0	0	0	0	0	55	0	0	0	0	0	0	0	0	0	0	0	0	0	0	0	0	61	0	0	0	0	0	0	0	171	0	0	0	0	0	0	0	0	0	86	0	0	0	0	0	0	0	0	0	0	0	0
CRUK0036_SU_T1-R4	0	0	0	0	0	504	0	0	0	0	0	0	0	0	0	0	0	0	0	0	0	0	0	0	0	0	0	0	0	0	0	0	0	0	0	0	0	0	343	0	0	0	0	0	0	0	410	0	0	0	0	0	0	0	0	304	0	0	0	0	0	0	0	487	0	0	0	0	0	0	0	0	0	375	0	0	0	0	0	0	0	0	0	0	0	0
CRUK0037_SU_T1-R1	613	0	0	0	0	1382	0	0	0	0	0	0	0	0	0	0	0	0	0	0	0	0	0	0	0	0	0	0	0	0	0	0	0	0	0	0	0	0	549	0	0	0	0	0	0	0	1103	0	0	0	0	0	0	0	0	888	0	0	0	0	0	0	0	1608	0	0	0	0	0	0	0	0	0	685	0	0	0	0	0	0	0	0	0	0	0	0
CRUK0037_SU_T1-R2	0	0	0	0	0	1340	0	0	0	0	0	0	0	0	0	0	0	0	0	0	0	0	0	0	0	0	0	0	0	0	0	0	0	0	0	0	0	0	676	0	0	0	0	0	0	0	1223	0	0	0	0	0	0	0	0	880	0	0	0	0	0	0	0	1506	0	0	0	0	0	0	0	0	0	850	0	0	0	0	0	0	0	0	0	0	0	0
CRUK0037_SU_T1-R3	0	0	0	0	0	740	0	0	0	0	0	0	0	0	0	0	0	0	0	0	0	0	0	0	0	0	0	0	0	0	0	0	0	293	0	0	0	0	356	357	0	0	0	0	0	0	523	0	0	0	0	0	0	0	0	524	0	0	0	0	0	0	0	746	0	0	0	0	0	0	0	0	0	599	0	0	0	0	0	0	0	0	0	0	0	0
CRUK0037_SU_T1-R4	0	0	0	0	0	1221	0	0	0	0	0	0	0	0	0	0	0	0	0	0	0	0	0	0	0	0	0	0	0	0	0	0	0	0	0	0	0	0	0	415	0	0	0	0	0	0	784	0	0	0	0	0	0	0	0	606	0	0	0	0	0	0	0	1212	0	0	0	0	0	0	0	0	0	604	0	0	0	0	0	0	0	0	0	0	0	0
CRUK0037_SU_T1-R5	0	0	0	0	0	1254	0	0	0	0	0	0	0	0	0	0	0	0	0	0	0	0	0	0	0	0	0	0	0	0	0	0	0	0	0	0	0	0	538	0	0	0	0	0	0	0	697	0	0	0	0	0	0	0	0	563	0	0	0	0	0	0	0	1265	0	0	0	0	0	0	0	0	0	628	0	0	0	0	0	0	0	0	0	0	0	0
CRUK0038_SU_T1-R1	0	0	0	0	0	638	0	0	0	0	0	0	0	0	0	0	0	0	0	0	0	0	0	0	0	0	0	0	0	0	0	0	0	0	0	0	0	0	270	0	0	0	0	0	0	0	485	0	0	0	0	0	0	0	0	438	0	0	0	0	0	0	0	631	0	0	0	0	0	0	0	0	0	395	0	0	0	0	0	0	0	0	0	0	0	0
CRUK0038_SU_T1-R2	235	0	0	0	0	435	0	0	0	0	0	0	0	0	0	0	0	0	0	0	0	0	0	0	0	0	0	0	0	0	0	0	0	0	0	0	0	0	280	242	0	0	0	0	0	0	202	0	0	0	0	0	224	0	0	281	0	0	0	0	0	0	0	395	0	0	0	0	0	0	0	0	0	277	0	0	0	0	0	0	0	0	0	0	0	0
CRUK0039_SU_T1-R1	0	0	603	950	0	830	0	0	0	0	0	0	0	0	0	0	0	0	0	0	0	0	0	0	0	0	0	0	0	0	0	0	0	0	0	0	0	0	0	0	0	0	0	0	0	0	0	0	0	0	0	0	0	0	0	0	0	0	0	0	0	0	0	752	0	0	0	0	0	0	0	0	0	774	0	0	0	0	0	0	0	0	0	0	0	0
CRUK0039_SU_T1-R2	0	0	190	630	0	292	0	0	0	0	0	0	0	0	0	0	0	0	0	0	0	0	0	0	0	0	0	0	0	0	0	0	0	0	0	0	0	0	0	0	0	0	0	0	0	0	247	0	0	0	0	0	0	0	0	200	0	0	0	0	0	0	0	388	0	0	0	0	0	0	0	0	0	0	0	0	0	0	0	0	0	0	0	0	0	0
CRUK0039_SU_T1-R3	0	0	0	579	0	302	0	213	0	0	0	0	0	0	0	0	0	0	0	0	0	0	0	0	0	0	0	0	0	0	0	0	0	0	0	0	0	0	0	0	0	0	0	0	0	0	243	0	0	0	0	0	0	0	0	192	0	0	0	0	0	0	0	356	0	0	0	0	0	0	0	0	0	199	0	0	0	0	0	0	0	0	0	0	0	0
CRUK0040_SU_T1-R1	0	0	0	0	276	724	0	0	0	0	0	0	0	0	0	0	0	0	0	0	0	0	0	0	0	0	0	0	0	0	0	0	0	0	0	0	0	0	360	0	0	0	0	0	0	0	446	0	0	0	0	0	0	0	0	397	0	0	0	0	0	0	0	690	0	0	0	0	0	0	0	0	0	709	0	0	0	0	0	0	0	0	0	0	0	0
CRUK0040_SU_T1-R2	0	0	0	0	0	693	0	0	0	0	0	0	0	0	0	0	0	0	0	0	0	0	0	0	0	0	0	0	0	0	0	0	0	0	0	0	0	0	437	0	0	0	0	0	0	0	526	0	0	0	0	0	0	0	0	571	0	0	0	0	0	0	0	665	0	0	0	0	0	0	0	0	0	450	0	0	0	0	0	0	0	0	0	0	0	0
CRUK0041_SU_T1-R1	0	0	0	0	0	898	0	0	0	0	0	0	0	0	0	0	0	0	0	0	0	0	0	0	0	0	0	0	0	0	0	0	0	0	0	0	0	0	0	0	0	0	0	0	0	0	641	0	0	0	0	0	0	0	0	377	0	0	0	0	0	0	0	783	0	0	0	0	0	0	0	0	0	550	0	0	0	0	0	0	0	0	0	0	0	0
CRUK0041_SU_T1-R2	0	0	0	0	0	151	0	0	0	0	0	0	0	0	0	0	0	0	0	0	0	0	0	0	0	0	0	0	0	0	0	0	0	0	0	0	0	0	103	156	0	0	0	0	0	0	149	0	0	0	0	0	106	0	0	119	0	0	0	0	0	0	0	211	0	0	0	0	0	0	0	0	0	206	0	0	0	0	0	0	0	0	0	0	0	0
CRUK0041_SU_T1-R3	0	0	0	0	309	585	0	0	0	0	0	0	0	0	0	0	0	0	0	0	0	0	0	0	0	0	0	0	0	0	0	0	0	0	0	0	0	0	268	0	0	0	0	0	0	0	355	0	0	0	0	0	0	0	0	348	0	0	0	0	0	0	0	544	0	0	0	0	0	0	0	0	0	570	0	0	0	0	0	0	0	0	0	0	0	0
CRUK0041_SU_T1-R4	92	0	0	0	0	142	0	0	0	0	0	0	0	0	0	0	0	0	0	0	0	0	0	0	0	0	0	0	0	0	0	0	0	0	0	0	0	0	0	114	0	0	0	0	0	0	137	0	0	0	0	0	96	0	0	141	0	0	0	0	0	0	0	153	0	0	0	0	0	0	0	0	0	0	0	0	0	0	0	0	0	0	0	0	0	0
CRUK0042_SU_T1-R1	0	0	665	0	0	1420	0	0	0	0	0	0	0	0	0	0	0	0	0	0	0	0	0	0	0	0	0	0	0	0	0	0	0	0	0	0	0	0	530	0	0	0	0	0	0	0	667	0	0	0	0	0	0	0	0	689	0	0	0	0	0	0	0	1296	0	0	0	0	0	0	0	0	0	814	0	0	0	0	0	0	0	0	0	0	0	0
CRUK0042_SU_T1-R2	0	0	0	0	0	783	0	0	0	0	0	0	0	0	0	0	0	0	0	0	0	0	0	0	0	0	0	0	0	0	0	0	0	0	0	0	0	0	542	0	0	0	0	0	0	0	526	0	0	0	0	0	0	0	0	363	0	0	0	0	0	0	0	750	0	0	0	0	0	0	0	0	0	394	0	0	0	0	0	0	0	0	0	0	0	0
CRUK0043_SU_T1-R1	0	0	0	0	0	466	0	0	0	0	0	0	0	0	0	0	0	0	0	0	0	0	0	0	0	0	0	0	0	0	0	0	0	0	0	0	0	0	227	240	0	0	0	0	0	0	379	0	0	0	0	0	210	0	0	345	0	0	0	0	0	0	0	481	0	0	0	0	0	0	0	0	0	351	0	0	0	0	0	0	0	0	0	0	0	0
CRUK0043_SU_T1-R2	0	0	0	0	0	457	0	223	0	0	0	0	0	0	0	0	0	0	0	0	0	0	0	0	0	0	0	0	0	0	0	0	0	0	0	0	0	0	0	0	0	0	0	0	0	0	384	0	0	0	0	0	0	0	0	251	0	0	0	0	0	0	0	495	0	0	0	0	0	0	0	0	0	351	0	0	0	0	0	0	0	0	0	0	0	0
CRUK0044_SU_T1-R1	0	0	0	0	0	844	0	0	0	0	0	0	0	0	0	0	0	0	0	0	0	0	0	0	0	0	0	0	0	0	0	0	0	0	0	0	499	0	489	0	0	0	0	0	0	0	539	0	0	0	0	0	0	0	0	416	0	0	0	0	0	0	0	941	0	0	0	0	0	0	0	0	0	674	0	0	0	0	0	0	546	0	0	0	0	0
CRUK0044_SU_T1-R2	237	0	0	0	486	449	0	0	0	0	0	0	0	0	0	0	0	0	0	0	0	0	0	0	0	0	0	0	0	0	0	0	0	225	0	0	0	0	303	0	0	0	0	0	228	0	280	0	0	0	0	0	0	0	0	282	0	0	0	0	0	0	0	455	0	0	0	0	0	0	0	0	0	454	0	0	0	0	0	0	0	0	0	0	0	0
CRUK0045_SU_T1-R1	724	0	0	0	2614	1572	0	0	0	0	0	0	0	0	0	0	0	0	0	0	0	0	0	0	0	0	0	0	0	0	0	0	0	0	0	0	0	0	0	783	0	0	0	0	0	0	1081	0	0	0	0	0	0	0	0	1006	0	0	0	0	0	0	0	1671	0	0	0	0	0	0	0	0	0	1195	0	0	0	0	0	0	0	0	0	0	0	0
CRUK0045_SU_T1-R2	1034	0	0	0	1830	2563	0	0	0	0	0	0	0	0	0	0	0	0	0	0	0	0	0	0	0	0	0	0	0	0	0	0	0	0	0	0	0	0	1071	989	0	0	0	0	0	0	1806	0	0	0	0	0	0	0	0	1219	0	0	0	0	0	0	0	2381	0	0	0	0	0	0	0	0	0	1014	0	0	0	0	0	0	0	0	0	0	0	0
CRUK0045_SU_T1-R3	0	0	0	0	0	451	0	0	0	0	0	0	0	0	0	0	0	0	0	0	0	0	0	0	0	0	0	0	0	0	0	0	0	0	0	0	0	0	265	0	0	0	0	0	0	0	342	0	0	0	0	0	0	0	0	270	0	0	0	0	0	0	0	411	0	0	0	0	0	0	0	0	0	298	0	0	0	0	0	0	0	0	0	0	0	0
CRUK0046_SU_T1-R1	0	0	0	0	0	409	0	163	0	0	0	0	0	0	0	0	0	0	0	0	0	0	0	0	0	0	0	0	0	0	0	181	0	0	0	0	0	0	215	170	0	0	0	0	0	0	192	0	0	0	0	0	0	0	0	271	0	0	0	0	0	0	0	403	0	0	0	0	0	0	0	0	0	545	0	0	0	0	0	0	0	0	0	0	0	0
CRUK0046_SU_T1-R2	0	0	0	0	0	687	0	0	0	0	0	0	0	0	0	0	0	0	0	0	0	0	0	0	0	0	0	0	0	0	0	0	0	0	0	0	0	0	311	0	0	0	0	0	0	0	532	0	0	0	0	0	0	0	0	345	0	0	0	0	0	0	0	572	0	0	0	0	0	0	0	0	0	486	0	0	0	0	0	0	0	0	0	0	0	0
CRUK0046_SU_T1-R3	0	0	0	0	0	513	0	0	0	0	0	0	0	0	0	0	0	0	0	0	0	0	0	0	0	0	0	0	0	0	0	0	0	0	0	0	0	0	343	0	0	0	0	0	0	0	393	0	0	0	0	0	0	0	0	457	0	0	0	0	0	0	0	595	0	0	0	0	0	0	0	0	0	423	0	0	0	0	0	0	0	0	0	0	0	0
CRUK0046_SU_T1-R4	0	0	0	0	0	773	0	0	0	0	0	0	0	0	0	0	0	0	0	0	0	0	0	0	0	0	0	0	0	0	0	0	0	259	0	0	0	0	467	0	0	0	0	0	0	0	474	0	0	0	0	0	0	0	0	353	0	0	0	0	0	0	0	623	0	0	0	0	0	0	0	0	0	656	0	0	0	0	0	0	0	0	0	0	0	0
CRUK0047_SU_T1-R1	121	0	0	0	0	170	0	0	0	0	0	0	0	0	0	0	0	0	0	0	0	0	0	0	0	0	0	0	0	0	0	0	0	0	0	0	0	0	117	0	0	0	0	0	0	0	194	0	0	0	0	0	0	0	0	0	0	0	0	0	0	0	0	261	0	0	0	0	0	0	0	0	0	254	0	0	0	0	0	0	0	0	0	0	0	0
CRUK0047_SU_T1-R2	0	0	0	0	0	330	0	122	0	0	0	0	0	0	0	0	0	0	0	0	0	0	0	0	0	0	0	0	0	0	0	0	0	180	0	0	0	0	153	0	0	0	0	0	0	0	189	0	0	0	0	0	0	0	0	150	0	0	0	0	0	0	0	234	0	0	0	0	0	0	0	0	0	290	0	0	0	0	0	0	0	0	0	0	0	0
CRUK0048_SU_T1-R1	433	0	0	0	502	1155	0	0	0	0	0	0	0	0	0	0	0	424	0	0	0	0	0	0	0	0	0	0	0	0	0	0	0	0	0	0	0	0	517	0	0	0	0	0	0	0	781	0	0	0	0	0	0	0	0	523	0	0	0	0	0	0	0	1097	0	0	0	0	0	0	0	0	0	708	0	0	0	0	0	0	0	0	0	0	0	0
CRUK0048_SU_T1-R2	1511	0	0	0	1879	2936	0	0	0	0	0	0	0	0	0	0	0	0	0	0	0	0	0	0	0	0	0	0	0	0	0	0	0	0	0	0	0	0	1585	1821	0	0	0	0	0	0	2364	0	0	0	0	0	0	0	0	0	0	0	0	0	0	0	0	3597	0	0	0	0	0	0	0	0	0	1884	0	0	0	0	0	0	0	0	0	0	0	0
CRUK0048_SU_T1-R3	1246	0	0	0	3034	1928	0	0	0	0	0	0	0	0	0	0	0	0	0	0	0	0	0	0	0	0	0	0	0	0	0	0	0	0	0	0	0	0	0	1419	0	0	0	0	0	0	1588	0	0	0	0	0	0	0	0	1181	0	0	0	0	0	0	0	2458	0	0	0	0	0	0	0	0	0	1287	0	0	0	0	0	0	0	0	0	0	0	0
CRUK0049_SU_T1-R1	0	0	0	712	0	666	0	0	0	0	0	0	0	0	0	0	0	0	0	0	0	0	0	0	0	0	0	0	0	0	0	0	0	0	0	0	0	0	0	0	0	0	0	0	0	0	522	0	0	0	0	0	0	0	0	360	0	0	0	0	0	0	0	713	0	0	0	0	0	0	0	0	0	0	0	0	0	0	0	0	355	0	0	0	0	0
CRUK0049_SU_T1-R2	0	0	0	837	0	694	0	0	0	0	0	0	0	0	0	0	0	0	0	0	0	0	0	0	0	0	0	0	0	0	0	0	0	0	0	0	0	0	0	0	0	0	0	0	0	0	521	0	0	0	0	0	0	0	0	358	0	0	0	0	0	0	0	726	0	0	0	0	0	0	0	0	0	315	0	0	0	0	0	0	0	0	0	0	0	0
CRUK0050_SU_T1-R1	0	0	0	0	319	818	0	305	0	0	0	0	0	0	0	0	0	0	0	0	0	0	0	0	0	0	0	0	0	0	0	0	0	0	0	0	0	0	311	0	0	0	0	0	0	0	679	0	0	0	0	0	0	0	0	396	0	0	0	0	0	0	0	739	0	0	0	0	0	0	0	0	0	529	0	0	0	0	0	0	0	0	0	0	0	0
CRUK0050_SU_T1-R2	197	0	0	0	0	318	0	0	0	0	0	0	0	0	0	0	0	0	0	0	0	0	0	0	0	0	0	0	0	0	0	0	0	264	0	0	0	0	188	0	0	0	0	0	0	0	506	0	0	0	0	0	0	0	0	308	0	0	0	0	0	0	0	366	0	0	0	0	0	0	0	0	0	194	0	0	0	0	0	0	0	0	0	0	0	0
CRUK0050_SU_T1-R3	0	0	0	173	0	330	0	0	0	0	0	0	0	0	0	0	0	147	0	0	0	0	0	0	0	0	0	0	0	0	0	0	0	0	0	0	0	0	0	0	0	0	0	0	0	0	382	0	0	0	0	0	0	0	0	174	0	0	0	0	0	0	0	335	0	0	0	0	0	0	0	0	0	291	0	0	0	0	0	0	0	0	0	0	0	0
CRUK0050_SU_T1-R4	124	0	0	0	0	0	0	0	0	0	0	0	0	0	0	0	0	0	0	0	0	0	0	0	0	0	0	0	0	0	0	0	0	92	0	0	0	0	106	0	0	0	0	0	157	0	106	0	0	0	0	0	0	0	0	102	0	0	0	0	0	0	0	229	0	0	0	0	0	0	0	0	0	178	0	0	0	0	0	0	0	0	0	0	0	0
CRUK0050_SU_T1-R5	0	0	0	0	0	152	0	94	0	0	0	0	0	0	0	0	0	0	0	0	0	0	0	0	0	0	0	0	0	0	0	0	0	0	0	0	0	0	0	0	0	0	0	0	0	0	140	0	0	0	0	0	79	0	0	159	0	0	0	0	0	0	0	270	0	0	0	0	0	0	0	0	0	228	0	0	0	0	0	0	0	0	0	0	0	0
CRUK0051_SU_T1-R2	0	0	0	187	0	298	0	0	0	0	0	0	0	0	0	0	0	0	0	0	0	0	0	0	0	0	0	0	0	0	0	0	0	0	0	0	0	0	0	0	0	0	0	0	0	0	443	0	0	0	0	0	0	0	0	326	0	0	0	0	0	0	0	398	0	0	0	0	0	0	0	0	0	221	0	0	0	0	0	0	0	0	0	0	0	0
CRUK0051_SU_T1-R3	443	0	0	0	732	521	0	0	0	0	0	0	0	0	0	0	0	0	0	0	0	0	0	0	0	0	0	0	0	0	0	0	0	0	0	0	0	0	0	0	0	0	0	0	0	0	583	0	0	0	0	0	0	0	0	490	0	0	0	0	0	0	0	917	0	0	0	0	0	0	0	0	0	578	0	0	0	0	0	0	0	0	0	0	0	0
CRUK0051_SU_T1-R4	0	0	0	349	0	806	0	0	0	0	0	0	0	0	0	0	0	0	0	0	0	0	0	0	0	0	0	0	0	0	0	0	0	0	0	0	0	0	501	0	0	0	0	0	0	0	673	0	0	0	0	0	0	0	0	539	0	0	0	0	0	0	0	789	0	0	0	0	0	0	0	0	0	471	0	0	0	0	0	0	0	0	0	0	0	0
CRUK0052_SU_T1-R1	0	0	0	962	0	948	0	356	0	0	0	0	0	0	0	0	0	0	0	0	0	0	0	0	0	0	0	0	0	0	0	0	0	0	0	0	0	0	0	0	0	0	0	0	0	0	359	0	0	0	0	0	0	0	0	396	0	0	0	0	0	0	0	856	0	0	0	0	0	0	0	0	0	795	0	0	0	0	0	0	0	0	0	0	0	0
CRUK0052_SU_T1-R2	0	0	0	0	0	562	0	260	0	0	0	0	0	0	0	0	0	0	0	0	0	0	0	0	0	0	0	0	0	0	0	0	0	0	0	0	0	0	0	0	0	0	0	0	0	0	390	0	0	0	0	0	0	0	0	350	0	0	0	0	0	0	0	610	0	0	0	0	0	0	0	0	0	474	0	0	0	0	0	0	0	0	0	0	0	0
CRUK0052_SU_T1-R3	97	0	0	0	0	136	0	0	0	0	0	0	0	0	0	0	0	164	0	0	0	0	0	0	0	0	0	0	0	0	0	0	0	0	0	0	0	0	0	0	0	0	0	0	0	0	178	0	0	0	0	0	175	0	0	83	0	0	0	0	0	0	0	192	0	0	0	0	0	0	0	0	0	83	0	0	0	0	0	0	0	0	0	0	0	0
CRUK0052_SU_T1-R4	0	0	0	546	0	496	0	228	0	0	0	0	0	0	0	0	0	0	0	0	0	0	0	0	0	0	0	0	0	0	0	0	0	0	0	0	0	0	0	0	0	0	0	0	0	0	0	0	0	0	0	0	0	0	0	346	0	0	0	0	0	0	0	550	0	0	0	0	0	0	0	0	0	430	0	0	0	0	0	0	0	0	0	0	0	0
CRUK0053_SU_T1-R1	0	0	0	783	0	1873	0	0	0	0	0	0	0	0	0	0	0	0	0	0	0	0	0	0	0	0	0	0	0	0	0	0	0	0	0	0	0	0	1242	0	0	0	0	0	0	0	1569	0	0	0	0	0	0	0	0	1035	0	0	0	0	0	0	0	1515	0	0	0	0	0	0	0	0	0	1451	0	0	0	0	0	0	0	0	0	0	0	0
CRUK0053_SU_T1-R2	0	0	0	824	659	481	0	0	0	0	0	0	0	0	0	0	0	0	0	0	0	0	0	0	0	0	0	0	0	0	0	0	0	0	0	0	0	0	0	0	0	0	0	0	0	0	431	0	0	0	0	0	0	0	0	391	0	0	0	0	0	0	0	508	0	0	0	0	0	0	0	0	0	396	0	0	0	0	0	0	0	0	0	0	0	0
CRUK0054_SU_T1-R1	0	0	0	0	0	343	0	159	0	0	0	0	0	0	0	0	0	0	0	0	0	0	0	0	0	0	0	0	0	0	0	0	0	0	0	0	0	0	0	0	0	0	0	0	0	0	223	0	0	0	0	0	0	0	0	364	0	0	0	0	0	0	0	417	0	0	0	0	0	0	0	0	0	277	0	0	0	0	0	0	0	0	0	0	0	0
CRUK0054_SU_T1-R2	0	0	0	0	0	630	0	201	0	0	0	0	0	0	0	0	0	0	0	0	0	0	0	0	0	0	0	0	0	0	0	0	0	0	0	0	0	0	286	0	0	0	0	0	0	0	439	0	0	0	0	0	0	0	0	294	0	0	0	0	0	0	0	662	0	0	0	0	0	0	0	0	0	490	0	0	0	0	0	0	0	0	0	0	0	0
CRUK0055_SU_T1-R1	0	0	0	0	0	1116	0	0	0	0	0	0	0	0	0	0	0	0	0	0	0	0	0	0	0	0	0	0	0	0	0	0	0	0	0	0	0	0	562	0	0	0	0	0	0	0	640	0	0	0	0	0	0	0	0	547	0	0	0	0	0	0	0	916	0	0	0	0	0	0	0	0	0	778	0	0	0	0	0	0	0	0	0	0	0	0
CRUK0055_SU_T1-R2	783	0	0	0	0	2165	0	0	0	0	0	0	0	0	0	0	0	0	0	0	0	0	0	0	0	0	0	0	0	0	0	0	0	0	0	0	0	0	745	924	0	0	0	0	0	0	1357	0	0	0	0	0	0	0	0	1071	0	0	0	0	0	0	0	2116	0	0	0	0	0	0	0	0	0	1439	0	0	0	0	0	0	0	0	0	0	0	0
CRUK0055_SU_T1-R3	0	0	0	945	0	1704	0	0	0	0	0	0	0	0	0	0	0	0	0	0	0	0	0	0	0	0	0	0	0	0	0	0	0	0	0	0	0	0	662	0	0	0	0	0	0	0	1061	0	0	0	0	0	0	0	0	0	0	0	0	0	0	0	0	1545	0	0	0	0	0	0	0	0	0	1255	0	0	0	0	0	0	0	0	0	0	0	0
CRUK0055_SU_T1-R4	1283	0	0	1683	3539	2851	0	0	0	0	0	0	0	0	0	0	0	0	0	0	0	0	0	0	0	0	0	0	0	0	0	0	0	0	0	0	0	0	1475	1325	0	0	0	0	0	0	2230	0	0	0	0	0	0	0	0	1276	0	0	0	0	0	0	0	2749	0	0	0	0	0	0	0	0	0	1389	0	0	0	0	0	0	0	0	0	0	0	0
CRUK0056_SU_T1-R1	381	0	0	0	701	820	0	420	0	0	0	0	0	0	0	0	0	0	0	0	0	0	0	0	0	0	0	0	0	0	0	0	0	0	0	0	0	0	340	0	0	0	0	0	0	0	692	0	0	0	0	0	0	0	0	676	0	0	0	0	0	0	0	923	0	0	0	0	0	0	0	0	0	641	0	0	0	0	0	0	0	0	0	0	0	0
CRUK0056_SU_T1-R2	0	0	0	0	0	765	0	0	0	0	0	0	0	0	0	0	0	0	0	0	0	0	0	0	0	0	0	0	0	0	0	0	0	0	0	0	0	0	432	428	0	0	0	0	0	0	545	0	0	0	0	0	0	0	0	580	0	0	0	0	0	0	0	918	0	0	0	0	0	0	0	0	0	666	0	0	0	0	0	0	0	0	0	0	0	0
CRUK0056_SU_T1-R3	425	0	0	0	0	845	0	0	0	0	0	0	0	0	0	0	0	0	0	0	0	0	0	0	0	0	0	0	0	0	0	0	0	0	0	0	0	0	476	0	0	0	0	0	0	0	886	0	0	0	0	0	0	0	0	606	0	0	0	0	0	0	0	1103	0	0	0	0	0	0	0	0	0	651	0	0	0	0	0	0	0	0	0	0	0	0
CRUK0057_SU_T1-R1	0	0	282	505	0	312	0	0	0	0	0	0	0	0	0	0	0	0	0	0	0	0	0	0	0	0	0	0	0	0	0	0	0	0	0	0	0	0	222	0	0	0	0	0	0	0	239	0	0	0	0	0	0	0	0	205	0	0	0	0	0	0	0	410	0	0	0	0	0	0	0	0	0	436	0	0	0	0	0	0	0	0	0	0	0	0
CRUK0057_SU_T1-R2	185	0	0	0	0	140	0	0	0	0	0	0	0	0	0	0	0	127	0	0	0	0	0	0	0	0	0	0	0	0	0	0	0	0	0	0	0	0	0	0	0	0	0	0	0	0	181	0	0	0	0	0	259	0	0	223	0	0	0	0	0	0	0	232	0	0	0	0	0	0	0	0	0	0	0	0	0	0	0	0	0	0	119	0	0	0
CRUK0058_SU_T1-R1	0	0	0	0	0	594	0	0	0	0	0	0	0	0	0	0	0	0	0	0	0	0	0	0	0	0	0	0	0	0	0	0	0	338	0	0	0	0	255	0	0	0	0	0	0	0	484	0	0	0	0	0	0	0	0	317	0	0	0	0	0	0	0	643	0	0	0	0	0	0	0	0	0	466	0	0	0	0	0	0	232	0	0	0	0	0
CRUK0058_SU_T1-R2	0	0	0	0	0	933	0	0	0	0	0	0	0	0	0	0	0	0	0	0	0	0	0	0	0	0	0	0	0	0	0	0	0	0	0	0	0	0	428	0	0	0	0	0	0	0	454	0	0	0	0	0	0	0	0	595	0	0	0	0	0	0	0	853	0	0	0	0	0	0	0	0	0	725	0	0	0	0	0	0	0	0	0	0	0	0
CRUK0059_SU_T1-R1	0	0	0	0	0	365	0	0	0	0	0	0	0	0	0	0	0	0	0	0	0	0	0	0	0	0	0	0	0	0	0	0	0	0	0	0	0	0	0	0	0	0	0	0	0	0	224	0	0	0	0	0	0	0	0	226	0	0	0	0	0	0	0	327	0	0	0	0	0	0	0	0	0	246	0	0	0	0	0	0	0	0	0	0	0	0
CRUK0059_SU_T1-R2	0	0	0	0	0	212	0	0	0	0	0	0	0	0	0	0	0	0	0	0	115	0	0	0	0	0	0	0	0	0	0	0	0	0	0	0	0	0	112	95	0	0	0	0	0	0	232	0	0	0	0	0	0	0	0	0	0	0	0	0	0	0	0	270	0	0	0	0	0	0	0	0	0	223	0	0	0	0	0	0	0	0	0	0	0	0
CRUK0060_SU_T1-R1	0	0	0	1361	0	431	0	0	0	0	0	0	0	0	0	0	0	0	0	0	0	0	0	0	0	0	0	0	0	0	0	0	0	0	0	0	0	0	0	0	0	0	0	0	0	0	459	0	0	0	0	0	0	0	0	272	0	0	0	0	0	0	0	464	0	0	0	0	0	0	0	0	0	357	0	0	0	0	0	0	0	0	0	0	0	0
CRUK0060_SU_T1-R2	0	0	0	0	422	295	0	0	0	0	0	0	0	0	0	0	0	0	0	0	0	0	0	0	0	0	0	0	0	0	0	0	0	0	0	0	0	0	0	0	0	0	0	0	0	0	199	0	0	0	0	0	0	0	0	0	0	0	0	0	0	0	0	312	0	0	0	0	0	0	0	0	0	271	0	0	0	0	0	0	277	0	0	0	0	0
CRUK0061_SU_T1-R1	359	0	711	0	0	796	0	0	0	0	0	0	0	0	0	0	0	0	0	0	0	0	0	0	0	0	0	0	0	0	0	0	0	0	0	0	0	0	0	0	0	0	0	0	0	0	591	0	0	0	0	0	0	0	0	698	0	0	0	0	0	0	0	771	0	0	0	0	0	0	0	0	0	547	0	0	0	0	0	0	0	0	0	0	0	0
CRUK0061_SU_T1-R2	653	0	0	0	879	1046	0	0	0	0	0	0	0	0	0	0	0	0	0	0	0	0	0	0	0	0	0	0	0	0	0	0	0	0	0	0	0	0	614	712	0	0	0	0	0	0	819	0	0	0	0	0	0	0	0	553	0	0	0	0	0	0	0	1379	0	0	0	0	0	0	0	0	0	811	0	0	0	0	0	0	0	0	0	0	0	0
CRUK0062_SU_T1-R1	506	0	0	0	1221	881	0	0	0	0	0	0	0	0	0	0	0	0	0	0	0	0	0	0	0	0	0	0	0	0	0	0	0	0	0	0	0	0	631	505	0	0	0	0	0	0	0	0	0	0	0	0	0	0	0	612	0	0	0	0	0	0	0	1050	0	0	0	0	0	0	0	0	0	932	0	0	0	0	0	0	0	0	0	0	0	0
CRUK0062_SU_T1-R2	590	0	0	0	1933	1345	0	0	0	0	0	0	0	0	0	0	0	0	0	0	0	0	0	0	0	0	0	0	0	0	0	0	0	0	0	0	0	0	801	0	0	0	0	0	0	0	751	0	0	0	0	0	0	0	0	679	0	0	0	0	0	0	0	1287	0	0	0	0	0	0	0	0	0	1024	0	0	0	0	0	0	0	0	0	0	0	0
CRUK0062_SU_T1-R3	0	0	0	0	1368	1023	0	0	0	0	0	0	0	0	0	0	0	0	0	0	0	0	0	0	0	0	0	0	0	0	0	0	0	531	0	0	0	0	663	540	0	0	0	0	0	0	556	0	0	0	0	0	0	0	0	596	0	0	0	0	0	0	0	911	0	0	0	0	0	0	0	0	0	928	0	0	0	0	0	0	0	0	0	0	0	0
CRUK0062_SU_T1-R4	838	0	0	0	2075	1675	0	0	0	0	0	0	0	0	0	0	0	0	0	0	0	0	0	0	0	0	0	0	0	0	0	0	0	0	0	0	0	0	906	776	0	0	0	0	0	0	1230	0	0	0	0	0	0	0	0	944	0	0	0	0	0	0	0	1566	0	0	0	0	0	0	0	0	0	1225	0	0	0	0	0	0	0	0	0	0	0	0
CRUK0062_SU_T1-R5	330	0	0	0	916	762	0	0	0	0	0	0	0	0	0	0	0	0	0	0	0	0	0	0	0	0	0	0	0	0	0	0	0	0	0	0	0	0	479	436	0	0	0	0	0	0	522	0	0	0	0	0	0	0	0	0	0	0	0	0	0	0	0	747	0	0	0	0	0	0	0	0	0	543	0	0	0	0	0	0	0	0	0	0	0	0
CRUK0062_SU_T1-R6	0	0	0	0	1519	1871	0	0	0	0	0	0	0	0	0	0	0	0	0	0	0	0	0	0	0	0	0	0	0	0	0	0	0	0	0	0	0	0	863	0	0	0	0	0	0	0	1249	0	0	0	0	0	0	0	0	0	0	0	0	0	0	0	0	1653	0	0	0	0	0	0	0	0	0	1180	0	0	0	0	0	0	0	0	0	0	0	0
CRUK0062_SU_T1-R7	880	0	0	0	2045	1180	0	0	0	0	0	0	0	0	0	0	0	0	0	0	0	0	0	0	0	0	0	0	0	0	0	0	0	0	0	0	0	0	557	0	0	0	0	0	0	0	1074	0	0	0	0	0	0	0	0	823	0	0	0	0	0	0	0	1188	0	0	0	0	0	0	0	0	0	887	0	0	0	0	0	0	0	0	0	0	0	0
CRUK0063_SU_T1-R3	0	0	437	0	0	1078	0	0	0	0	0	0	0	0	0	0	0	0	0	0	0	0	0	0	0	0	0	0	0	0	0	0	0	354	0	0	0	0	0	0	0	0	0	0	0	0	592	0	0	0	0	0	0	0	0	488	0	0	0	0	0	0	0	822	0	0	0	0	0	0	0	0	0	680	0	0	0	0	0	0	0	0	0	0	0	0
CRUK0063_SU_T1-R4	0	0	0	0	0	849	0	0	0	0	0	0	0	0	0	0	0	0	0	0	0	0	0	0	0	0	0	0	0	0	0	0	0	0	0	0	0	0	452	373	0	0	0	0	0	0	811	0	0	0	0	0	0	0	0	350	0	0	0	0	0	0	0	969	0	0	0	0	0	0	0	0	0	529	0	0	0	0	0	0	0	0	0	0	0	0
CRUK0063_SU_T1-R5	0	0	888	0	0	1073	0	0	0	0	0	0	0	0	0	0	0	0	0	0	0	0	0	0	0	0	0	0	0	0	0	0	0	0	0	0	0	0	0	0	0	0	0	0	0	0	650	0	0	0	0	0	0	0	0	728	0	0	0	0	0	0	0	923	0	0	0	0	0	0	0	0	0	619	0	0	0	0	0	0	0	0	0	0	0	0
CRUK0063_SU_T1-R6	334	0	0	0	0	513	0	0	0	0	0	0	0	0	0	0	0	0	0	0	0	0	0	0	0	0	0	0	0	0	0	0	0	323	0	0	0	0	0	0	0	0	0	0	0	0	520	0	0	0	0	0	0	0	0	0	0	0	0	0	0	0	0	606	0	0	0	0	0	0	0	0	0	0	0	0	0	0	0	0	0	0	0	0	0	0
CRUK0063_SU_T1-R7	0	0	0	0	0	407	0	0	0	0	0	0	0	0	0	0	0	0	0	0	0	0	0	0	0	0	0	0	0	0	0	0	0	0	0	0	0	0	196	0	0	0	0	0	0	0	355	0	0	0	0	0	0	0	0	0	0	0	0	0	0	0	0	400	0	0	0	0	0	0	0	0	0	359	0	0	0	0	0	0	0	0	0	0	0	0
CRUK0064_SU_T1-R1	0	0	0	0	0	1283	0	0	0	0	0	0	0	0	0	0	0	0	0	0	0	0	0	0	0	0	0	0	0	0	0	0	0	0	0	0	0	0	472	0	0	0	0	0	0	0	853	0	0	0	0	0	0	0	0	600	0	0	0	0	0	0	0	1115	0	0	0	0	0	0	0	0	0	832	0	0	0	0	0	0	0	0	0	0	0	0
CRUK0064_SU_T1-R2	0	0	0	0	0	974	0	0	0	0	0	0	0	0	0	0	0	0	0	0	0	0	0	0	0	0	0	0	0	0	0	0	0	0	0	0	0	0	337	0	0	0	0	0	0	0	465	0	0	0	0	0	0	0	0	469	0	0	0	0	0	0	0	868	0	0	0	0	0	0	0	0	0	705	0	0	0	0	0	0	0	0	0	0	0	0
CRUK0065_SU_T1-R1	0	0	1245	0	0	1669	0	0	0	0	0	0	0	0	0	0	0	0	0	0	0	0	0	0	0	0	0	0	0	0	0	0	0	0	0	0	0	0	637	0	0	0	0	0	0	0	676	0	0	997	0	0	0	0	0	1028	0	0	0	0	0	0	0	1449	0	0	0	0	0	0	0	0	0	0	0	0	0	0	0	0	0	0	0	0	0	0
CRUK0065_SU_T1-R2	0	0	1820	0	0	1505	0	0	0	0	0	0	0	0	0	0	0	0	0	0	0	0	0	0	0	0	0	0	0	0	0	0	0	0	0	0	0	0	0	0	0	0	0	0	0	0	0	0	0	1114	0	0	0	0	0	819	0	0	0	0	0	0	0	1227	0	0	0	0	0	0	0	0	0	929	0	0	0	0	0	0	0	0	0	0	0	0
CRUK0065_SU_T1-R3	0	0	1134	0	0	1235	0	0	0	0	0	0	0	0	0	0	0	0	0	0	0	0	0	0	0	0	0	0	0	0	0	0	0	0	0	0	0	0	495	0	0	0	0	0	0	0	474	0	0	0	0	0	0	0	0	952	0	0	0	0	0	0	0	874	0	0	0	0	0	0	0	0	0	560	0	0	0	0	0	0	0	0	0	0	0	0
CRUK0065_SU_T1-R4	0	0	1647	0	0	1606	0	0	0	0	0	0	0	0	0	0	0	0	0	0	0	0	0	0	0	0	0	0	0	0	0	0	0	0	0	0	0	0	0	0	0	0	0	0	0	0	0	0	0	1546	0	0	0	0	0	1044	0	0	0	0	0	0	0	1282	0	0	0	0	0	0	0	0	0	915	0	0	0	0	0	0	0	0	0	0	0	0
CRUK0065_SU_T1-R5	0	0	1158	0	0	1496	0	0	0	0	0	0	0	0	0	0	0	0	0	0	0	0	0	0	0	0	0	0	0	0	0	0	0	0	0	0	0	0	0	497	0	0	0	0	0	0	711	0	0	959	0	0	0	0	0	696	0	0	0	0	0	0	0	987	0	0	0	0	0	0	0	0	0	637	0	0	0	0	0	0	0	0	0	0	0	0
CRUK0065_SU_T1-R6	0	0	811	0	0	1020	0	0	0	0	0	0	0	0	0	0	0	0	0	0	0	0	0	0	0	0	0	0	0	0	0	0	0	0	0	0	0	0	386	0	0	0	0	0	0	0	585	0	0	680	0	0	0	0	0	536	0	0	0	0	0	0	0	768	0	0	0	0	0	0	0	0	0	569	0	0	0	0	0	0	0	0	0	0	0	0
CRUK0065_SU_T1-R7	0	0	160	0	0	367	0	0	0	0	0	0	0	0	0	0	0	185	0	0	0	0	0	0	0	0	0	0	0	0	0	0	0	0	0	0	0	0	0	0	0	0	0	0	0	0	260	0	0	0	0	0	0	0	0	0	0	0	0	0	0	0	0	322	0	0	0	0	0	0	0	0	0	316	0	0	0	0	0	0	172	0	0	0	0	0
CRUK0066_SU_T1-R1	299	0	0	0	0	580	0	0	0	0	0	0	0	0	0	0	0	0	0	0	0	0	0	0	0	0	0	0	0	0	0	0	0	0	0	0	0	0	0	0	0	0	0	0	0	0	486	0	0	0	0	0	343	0	0	599	0	0	0	0	0	0	0	724	0	0	0	0	0	0	0	0	0	691	0	0	0	0	0	0	0	0	0	0	0	0
CRUK0066_SU_T1-R2	332	0	0	0	0	634	0	0	0	0	0	0	0	0	0	0	0	0	0	0	0	0	0	0	0	0	0	0	0	0	0	0	0	319	0	0	0	0	428	384	0	0	0	0	0	0	687	0	0	0	0	0	0	0	0	324	0	0	0	0	0	0	0	735	0	0	0	0	0	0	0	0	0	517	0	0	0	0	0	0	0	0	0	0	0	0
CRUK0066_SU_T1-R3	0	0	0	0	0	1649	0	0	0	0	0	0	0	0	0	0	0	0	0	0	0	0	0	0	0	0	0	0	0	0	0	0	0	594	0	0	0	0	561	611	0	0	0	0	0	0	1203	0	0	0	0	0	0	0	0	584	0	0	0	0	0	0	0	1274	0	0	0	0	0	0	0	0	0	798	0	0	0	0	0	0	0	0	0	0	0	0
CRUK0066_SU_T1-R4	0	0	0	0	0	2079	0	0	0	0	0	0	0	0	0	0	0	0	0	0	0	0	0	0	0	0	0	0	0	0	0	0	0	820	0	0	0	0	0	807	0	0	0	0	0	0	1672	0	0	0	0	0	0	0	0	1116	0	0	0	0	0	0	0	1828	0	0	0	0	0	0	0	0	0	1288	0	0	0	0	0	0	0	0	0	0	0	0
CRUK0067_SU_T1-R1	0	0	0	0	0	391	0	0	0	0	0	0	0	0	0	0	0	259	0	0	0	0	0	0	0	0	0	0	0	0	0	0	0	0	0	0	0	0	0	0	0	0	0	0	0	0	413	0	0	0	0	0	0	0	0	0	0	0	0	0	0	0	0	551	0	0	0	0	0	0	0	0	0	306	0	0	0	0	0	0	0	0	0	0	0	0
CRUK0067_SU_T1-R3	0	0	0	0	0	550	0	230	0	0	0	0	0	0	0	0	0	0	0	0	0	0	0	0	0	0	0	0	0	0	0	0	0	0	0	0	0	0	0	0	0	0	0	0	0	0	419	0	0	0	0	0	0	0	0	0	0	0	0	0	284	0	0	588	0	0	0	294	0	0	0	0	0	481	0	0	0	0	0	0	0	0	0	0	0	0
CRUK0068_SU_T1-R1	0	0	0	210	0	205	0	0	0	0	0	0	0	0	0	0	0	144	0	0	0	0	0	0	0	0	0	0	0	0	0	0	0	0	0	0	0	0	178	0	0	0	0	0	0	0	267	0	0	0	0	0	0	0	0	170	0	0	0	0	0	0	0	202	0	0	0	0	0	0	0	0	0	200	0	0	0	0	0	0	0	0	0	0	0	0
CRUK0068_SU_T1-R2	0	0	0	0	0	274	0	0	0	0	0	0	0	0	0	0	0	0	0	0	0	0	0	0	0	0	0	0	0	0	0	0	0	0	0	0	0	0	157	151	0	0	0	0	122	0	137	0	0	0	0	0	0	0	0	231	0	0	0	0	0	0	0	374	0	0	0	0	0	0	0	0	0	260	0	0	0	0	0	0	0	0	0	0	0	0
CRUK0068_SU_T1-R3	0	0	344	0	0	451	0	0	0	0	0	0	0	0	0	0	0	0	0	0	0	0	0	0	0	0	0	0	0	0	0	0	0	0	0	0	0	0	0	0	0	0	0	0	0	0	208	0	0	0	0	0	0	0	0	0	0	0	0	0	0	0	0	364	0	0	0	0	0	0	0	0	0	401	0	0	0	0	0	0	0	0	0	0	0	0
CRUK0068_SU_T1-R4	258	0	0	408	0	523	0	0	0	0	0	0	0	0	0	0	0	0	0	0	0	0	0	0	0	0	0	0	0	0	0	0	0	0	0	0	0	0	283	0	0	0	0	0	0	0	414	0	0	0	0	0	0	0	0	0	0	0	0	0	0	0	0	736	0	0	0	0	0	0	0	0	0	432	0	0	0	0	0	0	0	0	0	0	0	0
CRUK0069_SU_T1-R1	0	0	0	459	0	660	0	0	0	0	0	0	0	0	0	0	0	0	0	0	0	0	0	0	0	0	0	0	0	0	0	0	0	0	0	0	0	0	0	0	0	0	0	0	0	0	478	0	0	0	0	0	0	0	0	237	0	0	0	0	0	0	0	457	0	0	0	0	0	0	0	0	0	463	0	0	0	0	0	0	0	0	0	0	0	0
CRUK0069_SU_T1-R2	0	0	0	395	0	446	0	0	0	0	0	0	0	0	0	0	0	0	0	0	0	0	0	0	0	0	0	0	0	0	0	0	0	0	0	0	0	0	235	0	0	0	0	0	180	0	363	0	0	0	0	0	0	0	0	0	0	0	0	0	0	0	0	275	0	0	0	0	0	0	0	0	0	196	0	0	0	0	0	0	0	0	0	0	0	0
CRUK0069_SU_T1-R3	0	0	0	0	142	169	0	0	0	0	0	0	0	0	0	0	0	91	0	0	0	0	0	0	0	0	0	0	0	0	0	0	0	0	0	0	0	0	89	97	0	0	0	0	0	0	0	0	0	0	0	0	110	0	0	114	0	0	0	0	0	0	0	152	0	0	0	0	0	0	0	0	0	233	0	0	0	0	0	0	0	0	0	0	0	0
CRUK0069_SU_T1-R4	0	0	0	465	0	536	0	0	0	0	0	0	0	0	0	0	0	0	0	0	0	0	0	0	0	0	0	0	0	0	0	0	0	0	0	0	0	0	339	0	0	0	0	0	190	0	371	0	0	0	0	0	0	0	0	218	0	0	0	0	0	0	0	477	0	0	0	0	0	0	0	0	0	421	0	0	0	0	0	0	0	0	0	0	0	0
CRUK0069_SU_T1-R5	0	0	1191	0	0	1009	0	0	0	0	0	0	0	0	0	0	0	0	0	0	0	0	0	0	0	0	0	0	0	0	0	0	0	0	0	0	0	0	0	0	0	0	0	0	0	0	0	0	0	0	0	0	0	0	0	646	0	0	0	0	0	0	0	558	0	0	0	0	0	0	0	0	0	0	0	0	0	0	0	0	0	0	0	0	0	0
CRUK0070_SU_T1-R1	424	0	0	0	0	988	0	0	0	0	0	0	0	0	0	0	0	660	0	0	0	0	0	0	0	0	0	0	0	0	0	0	0	0	0	0	0	0	0	586	0	0	0	0	0	0	745	0	0	0	0	0	0	0	0	427	0	0	0	0	0	0	0	1130	0	0	0	0	0	0	0	0	0	1103	0	0	0	0	0	0	0	0	0	0	0	0
CRUK0070_SU_T1-R2	0	0	0	0	0	965	0	0	0	0	0	0	0	0	0	0	0	545	0	0	0	0	0	0	0	0	0	0	0	0	0	0	0	0	0	0	0	0	377	417	0	0	0	0	0	0	678	0	0	0	0	0	0	0	0	391	0	0	0	0	0	0	0	989	0	0	0	0	0	0	0	0	0	902	0	0	0	0	0	0	0	0	0	0	0	0
CRUK0070_SU_T1-R4	0	0	0	0	0	1642	0	0	0	0	0	0	0	0	0	0	0	0	0	0	0	0	0	0	0	0	0	0	0	0	0	0	0	0	0	0	0	0	0	861	0	0	0	0	0	0	1287	0	0	0	0	0	0	0	0	0	0	0	0	0	0	0	0	1684	0	0	0	0	0	0	0	0	0	1109	0	0	0	0	0	0	0	0	0	0	0	0
CRUK0070_SU_T1-R6	0	0	0	0	1110	816	0	0	0	0	0	0	0	0	0	0	0	0	0	0	0	0	0	0	0	0	0	0	0	0	0	0	0	0	0	0	0	0	0	0	0	0	0	0	0	0	502	0	0	0	0	0	0	0	0	482	0	0	0	0	0	0	0	1068	0	0	0	0	0	0	0	0	0	1082	0	0	0	0	0	0	0	0	0	0	0	0
CRUK0070_SU_T1-R7	246	0	0	0	0	527	0	0	0	0	0	0	0	0	0	0	0	0	0	0	0	0	0	0	0	0	0	0	0	0	0	0	0	0	0	0	0	0	268	0	0	0	0	0	0	0	332	0	0	0	0	0	0	0	0	306	0	0	0	0	0	0	0	446	0	0	0	0	0	0	0	0	0	264	0	0	0	0	0	0	0	0	0	0	0	0
CRUK0071_SU_T1-R1	646	0	0	0	1766	1173	0	0	0	0	0	0	0	0	0	0	0	0	0	0	0	0	0	0	0	0	0	0	0	0	0	0	0	0	0	0	0	0	0	0	0	0	0	0	0	0	694	0	0	0	0	0	0	0	0	678	0	0	0	0	0	0	0	1513	0	0	0	0	0	0	0	0	0	962	0	0	0	0	0	0	0	0	0	0	0	0
CRUK0071_SU_T1-R2	0	0	0	0	0	1715	0	0	0	0	0	0	0	0	0	0	0	0	0	0	0	0	0	0	0	0	0	0	0	0	0	0	0	0	0	0	0	0	0	666	0	0	0	0	0	0	1091	0	0	0	0	0	0	0	0	922	0	0	0	0	0	0	0	1701	0	0	0	0	0	0	0	0	0	888	0	0	0	0	0	0	0	0	0	0	0	0
CRUK0071_SU_T1-R3	349	0	0	0	926	228	0	0	0	0	0	0	0	0	0	0	0	0	0	0	0	0	0	0	0	0	0	0	0	0	0	0	0	0	0	0	0	0	225	0	0	0	0	0	0	0	0	0	0	0	0	0	0	0	0	339	0	0	0	0	0	0	0	518	0	0	0	0	0	0	0	0	0	268	0	0	0	0	0	0	0	0	0	0	0	0
CRUK0071_SU_T1-R5	147	0	0	0	0	0	0	0	0	0	0	0	0	0	0	0	0	136	0	0	0	0	0	0	0	0	0	0	0	0	0	0	0	0	0	0	0	0	0	180	0	0	0	0	0	0	142	0	0	0	0	0	178	0	0	105	0	0	0	0	0	0	0	219	0	0	0	0	0	0	0	0	0	0	0	0	0	0	0	0	0	0	0	0	0	0
CRUK0071_SU_T1-R6	0	0	0	0	808	976	0	0	0	0	0	0	0	0	0	0	0	0	0	0	0	0	0	0	0	0	0	0	0	0	0	0	0	0	0	0	0	0	0	0	0	0	0	0	0	0	687	0	0	0	0	0	0	0	0	458	0	0	0	0	0	0	0	1045	0	0	0	0	0	0	0	0	0	571	0	0	0	0	0	0	0	0	0	0	0	0
CRUK0071_SU_T1-R7	0	0	0	0	960	1597	0	0	0	0	0	0	0	0	0	0	0	0	0	0	0	0	0	0	0	0	0	0	0	0	0	0	0	0	0	0	0	0	926	0	0	0	0	0	0	0	1223	0	0	0	0	0	0	0	0	938	0	0	0	0	0	0	0	1625	0	0	0	0	0	0	0	0	0	1130	0	0	0	0	0	0	0	0	0	0	0	0
CRUK0072_SU_T1-R1	137	0	0	182	0	231	0	0	0	0	0	0	0	0	0	0	0	242	0	0	0	0	0	0	0	0	0	0	0	0	0	0	0	0	0	0	0	0	0	0	0	0	0	0	0	0	267	0	0	0	0	0	0	0	0	182	0	0	0	0	0	0	0	274	0	0	0	0	0	0	0	0	0	0	0	0	0	0	0	0	0	0	0	0	0	0
CRUK0072_SU_T1-R2	297	0	0	0	582	301	0	0	0	0	0	0	0	0	0	0	0	188	0	0	0	0	0	0	0	0	0	0	0	0	0	0	0	0	0	0	0	0	0	0	0	0	0	0	0	0	277	0	0	0	0	0	0	0	0	229	0	0	0	0	0	0	0	393	0	0	0	0	0	0	0	0	0	285	0	0	0	0	0	0	0	0	0	0	0	0
CRUK0072_SU_T1-R3	0	0	0	0	0	0	0	0	0	0	0	0	0	0	0	0	0	0	0	0	0	0	0	0	0	0	0	0	0	0	47	0	0	0	0	0	0	0	0	0	0	0	0	0	0	0	128	0	0	0	0	0	0	0	0	44	0	0	0	0	52	0	0	74	0	0	0	61	0	0	0	0	0	99	0	0	0	0	0	0	0	0	0	0	0	0
CRUK0072_SU_T1-R4	297	0	0	0	486	187	0	0	0	0	0	0	0	0	0	0	0	0	0	0	0	0	0	0	0	0	0	0	0	0	0	0	0	0	0	0	0	0	214	191	0	0	0	0	0	0	245	0	0	0	0	0	0	0	0	300	0	0	0	0	0	0	0	539	0	0	0	0	0	0	0	0	0	386	0	0	0	0	0	0	0	0	0	0	0	0
CRUK0073_SU_T1-R1	0	0	0	0	882	861	0	0	0	0	0	0	0	0	0	0	0	0	0	0	0	0	0	0	0	0	0	0	0	0	0	0	0	0	0	0	0	0	529	441	0	0	0	0	0	0	605	0	0	0	0	0	0	0	0	605	0	0	0	0	0	0	0	882	0	0	0	0	0	0	0	0	0	922	0	0	0	0	0	0	0	0	0	0	0	0
CRUK0073_SU_T1-R2	343	0	0	0	0	741	0	0	0	0	0	0	0	0	0	0	0	0	0	0	0	0	0	0	0	0	0	0	0	0	0	0	0	0	0	0	0	0	0	0	0	0	0	0	0	0	717	0	0	0	0	0	0	0	0	394	0	0	0	0	0	0	0	902	0	0	0	0	0	0	0	0	0	627	0	0	0	0	0	0	0	0	0	0	0	0
CRUK0074_SU_T1-R1	0	0	0	0	597	1568	0	0	0	0	0	0	0	0	0	0	0	0	0	0	0	0	0	0	0	0	0	0	0	0	0	0	0	0	0	0	0	0	656	0	0	0	0	0	0	0	1010	0	0	0	0	0	0	0	0	882	0	0	0	0	0	0	0	1333	0	0	0	0	0	0	0	0	0	857	0	0	0	0	0	0	0	0	0	0	0	0
CRUK0074_SU_T1-R2	0	0	0	0	0	786	0	0	0	0	0	0	0	0	0	0	0	0	0	0	0	0	0	0	0	0	0	0	0	0	0	0	0	0	0	0	0	0	476	0	0	0	0	0	0	0	553	0	0	0	0	0	0	0	0	468	0	0	0	0	0	0	0	827	0	0	0	0	0	0	0	0	0	400	0	0	0	0	0	0	295	0	0	0	0	0
CRUK0074_SU_T1-R3	0	0	0	0	0	977	0	380	0	0	0	0	0	0	0	0	0	0	0	0	0	0	0	0	0	0	0	0	0	0	0	0	0	0	0	0	0	0	0	0	0	0	0	0	0	0	689	0	0	0	0	0	0	0	0	684	0	0	0	0	0	0	0	918	0	0	0	0	0	0	0	0	0	591	0	0	0	0	0	0	0	0	0	0	0	0
CRUK0075_SU_T1-R1	0	0	0	0	564	1306	0	0	0	0	0	0	0	0	0	0	0	0	0	0	0	0	0	0	0	0	0	0	0	0	0	0	0	0	0	0	0	0	593	0	0	0	0	0	0	0	951	0	0	0	0	0	0	0	0	533	0	0	0	0	0	0	0	1338	0	0	0	0	0	0	0	0	0	930	0	0	0	0	0	0	0	0	0	0	0	0
CRUK0075_SU_T1-R2	0	0	0	0	0	1492	0	0	0	0	0	0	0	0	0	0	0	0	0	0	0	0	0	0	0	0	0	0	0	0	0	0	0	0	0	0	0	0	676	0	0	0	0	0	0	0	1100	0	0	0	0	0	0	0	0	759	0	0	0	0	0	0	0	1682	0	0	0	0	0	0	0	0	0	1092	0	0	0	0	0	0	0	0	0	0	0	0
CRUK0076_SU_T1-R1	210	0	0	0	394	0	0	0	0	0	0	0	0	0	0	0	0	0	0	0	0	0	0	0	0	0	0	0	0	0	0	0	0	0	0	0	0	0	0	113	0	0	0	0	0	0	159	0	0	0	0	0	0	0	0	220	0	0	0	0	0	0	0	201	0	0	0	0	0	0	0	0	0	108	0	0	0	0	0	0	0	0	0	0	0	0
CRUK0076_SU_T1-R2	0	0	0	431	0	1107	0	0	0	0	0	0	0	0	0	0	0	0	0	0	0	0	0	0	0	0	0	0	0	0	0	0	0	0	0	0	0	0	720	0	0	0	0	0	0	0	857	0	0	0	0	0	0	0	0	0	0	0	0	0	0	0	0	946	0	0	0	0	0	0	0	0	0	845	0	0	0	0	0	0	0	0	0	0	0	0
CRUK0076_SU_T1-R3	0	0	0	389	0	830	0	0	0	0	0	0	0	0	0	0	0	0	0	0	0	0	0	0	0	0	0	0	0	0	0	0	0	0	0	0	0	0	437	0	0	0	0	0	0	0	740	0	0	0	0	0	0	0	0	347	0	0	0	0	0	0	0	784	0	0	0	0	0	0	0	0	0	710	0	0	0	0	0	0	0	0	0	0	0	0
CRUK0076_SU_T1-R4	0	0	0	0	0	907	0	0	0	0	0	0	0	0	0	0	0	0	0	0	0	0	0	0	0	0	0	0	0	0	0	0	0	0	0	0	0	0	699	0	0	0	0	0	0	0	860	0	0	0	0	0	0	0	0	417	0	0	0	0	0	0	0	909	0	0	0	0	0	0	0	0	0	736	0	0	0	0	0	0	0	0	0	0	0	0
CRUK0077_SU_T1-R1	0	0	0	413	0	731	0	0	0	0	0	0	0	0	0	0	0	0	0	0	0	0	0	0	0	0	0	0	0	0	0	0	0	0	0	0	0	0	446	0	0	0	0	0	0	0	464	0	0	0	0	0	0	0	0	481	0	0	0	0	0	0	0	679	0	0	0	0	0	0	0	0	0	618	0	0	0	0	0	0	0	0	0	0	0	0
CRUK0077_SU_T1-R2	331	0	0	0	696	0	0	0	0	0	0	0	0	0	0	0	0	0	0	0	0	0	0	0	0	0	0	0	0	0	0	0	0	0	0	0	0	0	0	209	0	0	0	0	0	0	0	0	0	0	0	0	0	0	0	192	0	0	0	0	0	0	0	423	0	0	0	0	0	0	0	0	0	200	0	0	0	0	0	0	0	0	0	0	0	0
CRUK0077_SU_T1-R3	520	0	0	0	1339	776	0	0	0	0	0	0	0	0	0	0	0	0	0	0	0	0	0	0	0	0	0	0	0	0	0	0	0	0	0	0	0	0	0	472	0	0	0	0	0	0	540	0	0	0	0	0	0	0	0	624	0	0	0	0	0	0	0	1165	0	0	0	0	0	0	0	0	0	801	0	0	0	0	0	0	0	0	0	0	0	0
CRUK0078_SU_T1-R2	456	0	0	0	0	720	0	0	0	0	0	0	0	0	0	0	0	0	0	0	0	0	0	0	0	0	0	0	0	0	0	0	0	0	0	0	0	0	466	444	0	0	0	0	0	0	840	0	0	0	0	0	399	0	0	680	0	0	0	0	0	0	0	916	0	0	0	0	0	0	0	0	0	658	0	0	0	0	0	0	0	0	0	0	0	0
CRUK0078_SU_T1-R3	210	0	0	0	0	266	0	0	0	0	0	0	0	0	0	0	0	181	0	0	0	0	0	0	0	0	0	0	0	0	0	0	0	0	0	0	0	0	0	235	0	0	0	0	0	0	241	0	0	0	0	0	297	0	0	362	0	0	0	0	0	0	0	447	0	0	0	0	0	0	0	0	0	377	0	0	0	0	0	0	0	0	0	0	0	0
CRUK0078_SU_T1-R4	0	0	0	0	0	782	0	0	0	0	0	0	0	0	0	0	0	0	0	0	0	0	0	0	0	0	0	0	0	0	0	0	0	0	0	0	0	0	386	301	0	0	0	0	0	0	738	0	0	0	0	0	0	0	0	530	0	0	0	0	0	0	0	846	0	0	0	0	0	0	0	0	0	507	0	0	0	0	0	0	0	0	0	0	0	0
CRUK0079_SU_T1-R1	0	0	0	0	220	371	0	0	0	0	0	0	0	0	0	0	0	0	0	0	0	0	0	0	0	0	0	0	0	0	0	0	0	0	0	0	0	0	0	199	0	0	0	0	0	0	230	0	0	0	0	0	0	0	0	189	0	0	0	0	0	0	0	394	0	0	0	0	0	0	0	0	0	320	0	0	0	0	0	0	0	0	0	0	0	0
CRUK0079_SU_T1-R2	0	0	0	0	0	547	0	0	0	0	0	0	0	0	0	0	0	0	0	0	0	0	0	0	0	0	0	0	0	0	0	0	0	0	0	0	0	0	325	280	0	0	0	0	0	0	511	0	0	0	0	0	0	0	0	325	0	0	0	0	0	0	0	633	0	0	0	0	0	0	0	0	0	397	0	0	0	0	0	0	0	0	0	0	0	0
CRUK0079_SU_T1-R3	0	0	0	0	0	486	0	0	0	0	0	0	0	0	0	0	0	226	0	0	0	0	0	0	0	0	0	0	0	0	0	0	0	0	0	0	0	0	287	328	0	0	0	0	0	0	485	0	0	0	0	0	0	0	0	0	0	0	0	0	0	0	0	575	0	0	0	0	0	0	0	0	0	331	0	0	0	0	0	0	0	0	0	0	0	0
CRUK0079_SU_T1-R4	0	0	0	0	0	871	0	0	0	0	0	0	0	0	0	0	0	0	0	0	0	0	0	0	0	0	0	0	0	0	0	0	0	0	0	0	0	0	423	373	0	0	0	0	0	0	665	0	0	0	0	0	0	0	0	592	0	0	0	0	0	0	0	983	0	0	0	0	0	0	0	0	0	644	0	0	0	0	0	0	0	0	0	0	0	0
CRUK0080_SU_T1-R2	0	0	754	0	0	1448	0	0	0	0	0	0	0	0	0	0	0	0	0	0	0	0	0	0	0	0	0	0	0	0	0	0	0	0	0	0	0	0	0	0	0	0	0	0	0	0	536	0	0	0	0	0	0	0	0	528	0	0	0	0	0	0	0	1212	0	0	0	0	0	0	0	0	0	835	0	0	0	0	0	0	0	920	0	0	0	0
CRUK0080_SU_T1-R3	0	0	0	0	0	789	0	0	0	0	0	0	0	0	0	0	0	0	0	0	0	0	0	0	0	0	0	0	0	0	0	0	0	0	0	0	0	0	368	388	0	0	0	0	0	0	601	0	0	0	0	0	0	0	0	415	0	0	0	0	0	0	0	722	0	0	0	0	0	0	0	0	0	693	0	0	0	0	0	0	0	0	0	0	0	0
CRUK0080_SU_T1-R4	0	0	0	0	569	513	0	0	0	0	0	0	0	0	0	0	0	0	0	0	0	0	0	0	0	0	0	0	0	0	0	0	0	0	0	0	0	0	215	0	0	0	0	0	0	0	351	0	0	0	0	0	0	0	0	397	0	0	0	0	0	0	0	523	0	0	0	0	0	0	0	0	0	322	0	0	0	0	0	0	0	0	0	0	0	0
CRUK0080_SU_T1-R5	0	0	0	0	0	1662	0	0	0	0	0	0	0	0	0	0	514	0	0	0	0	0	0	0	0	0	0	0	0	0	0	0	0	0	0	0	0	0	0	0	0	0	0	0	0	0	908	0	0	0	0	0	0	0	0	614	0	0	0	0	0	0	0	1269	0	0	0	0	0	0	0	0	0	968	0	0	0	0	0	0	0	0	0	0	0	0
CRUK0080_SU_T1-R6	0	0	0	0	0	1232	0	0	0	0	0	0	0	0	0	0	0	0	0	0	0	0	0	0	0	0	0	0	0	0	0	0	0	372	0	0	0	0	499	0	0	0	0	0	0	0	718	0	0	0	0	0	0	0	0	489	0	0	0	0	0	0	0	1040	0	0	0	0	0	0	0	0	0	775	0	0	0	0	0	0	0	0	0	0	0	0
CRUK0081_SU_T1-R1	0	0	577	0	0	822	0	0	0	0	0	0	0	0	0	0	0	0	0	0	0	0	0	0	0	0	0	0	0	0	0	0	0	0	0	0	0	0	334	0	0	0	0	0	0	0	474	0	0	0	0	0	0	0	0	431	0	0	0	0	0	0	0	666	0	0	0	0	0	0	0	0	0	404	0	0	0	0	0	0	0	0	0	0	0	0
CRUK0081_SU_T1-R5	0	0	916	0	0	322	0	0	0	0	0	0	0	0	0	0	0	0	0	0	0	0	0	0	0	0	0	0	0	0	0	0	0	0	0	0	0	0	256	0	0	0	0	0	0	0	0	0	0	0	0	0	0	0	0	491	0	0	0	0	0	0	0	479	0	0	0	0	0	0	0	0	0	0	0	0	0	0	0	0	0	0	0	0	0	0
CRUK0081_SU_T1-R6	0	0	0	0	0	625	0	0	0	0	0	0	0	0	0	0	0	0	0	0	0	0	0	0	0	0	0	0	0	0	0	0	0	303	0	0	0	0	218	219	0	0	0	0	0	0	339	0	0	0	0	0	0	0	0	0	0	0	0	0	0	0	0	533	0	0	0	0	0	0	0	0	0	431	0	0	0	0	0	0	0	0	0	0	0	0
CRUK0082_SU_T1-R1	262	0	0	0	0	539	0	0	0	0	0	0	0	0	0	0	0	0	0	0	0	0	0	0	0	0	0	0	0	0	0	0	0	388	0	0	0	0	298	255	0	0	0	0	0	0	596	0	0	0	0	0	0	0	0	276	0	0	0	0	0	0	0	524	0	0	0	0	0	0	0	0	0	331	0	0	0	0	0	0	0	0	0	0	0	0
CRUK0082_SU_T1-R2	120	0	0	0	130	0	0	0	0	0	0	0	0	0	0	0	0	0	0	0	0	0	0	0	0	0	0	0	0	0	0	0	0	0	0	0	0	0	0	58	0	0	0	0	0	0	0	0	0	0	0	0	0	0	0	74	0	0	0	0	0	0	0	129	0	0	0	0	0	0	0	0	0	75	0	0	0	0	0	0	0	0	53	0	0	0
CRUK0082_SU_T1-R3	51	0	0	0	0	0	0	0	0	0	0	0	0	0	0	0	0	0	0	0	23	0	0	0	0	30	0	0	0	0	0	0	0	0	0	0	0	0	0	0	0	0	0	0	0	0	0	0	0	0	0	0	0	0	0	37	0	0	0	0	0	0	0	72	0	0	0	0	0	0	0	0	0	0	0	0	0	0	0	0	0	0	0	0	35	0
CRUK0082_SU_T1-R4	122	0	0	0	0	200	0	0	0	0	0	0	0	0	0	0	0	0	0	0	0	0	0	0	0	0	0	0	0	0	0	151	0	0	0	0	0	0	0	0	0	0	0	0	0	0	296	0	0	0	0	0	0	0	0	215	0	0	0	0	0	0	0	238	0	0	0	0	0	0	0	0	0	211	0	0	0	0	0	0	0	0	0	0	0	0
CRUK0082_SU_T1-R5	87	0	242	0	0	93	0	0	0	0	0	0	0	0	0	0	0	0	0	0	0	0	0	0	0	0	0	0	0	0	0	0	0	0	0	0	0	0	0	0	0	0	0	0	0	0	0	0	0	0	0	0	0	0	0	143	0	0	0	0	0	0	0	136	0	0	0	0	0	0	0	0	0	0	0	0	0	0	0	0	0	0	0	0	124	0
CRUK0083_SU_T1-R1	0	0	717	0	0	789	0	0	0	0	0	0	0	0	0	0	0	0	0	0	0	0	0	0	0	0	0	0	0	0	0	0	0	366	0	0	0	0	360	0	0	0	0	0	0	0	400	0	0	0	0	0	0	0	0	514	0	0	0	0	0	0	0	828	0	0	0	0	0	0	0	0	0	755	0	0	0	0	0	0	0	0	0	0	0	0
CRUK0083_SU_T1-R2	0	0	475	0	0	575	0	0	0	0	0	0	0	0	0	0	0	0	0	0	0	0	0	0	0	0	0	0	0	0	0	0	0	0	0	0	0	0	0	0	0	0	0	0	0	0	0	0	0	0	0	0	0	0	0	377	0	0	0	0	0	0	0	672	0	0	0	0	0	0	0	0	0	621	0	0	0	0	0	0	0	0	0	0	0	0
CRUK0083_SU_T1-R3	0	0	0	204	0	355	0	0	0	0	0	0	0	0	0	0	0	0	0	0	0	0	0	0	0	0	0	0	0	0	0	0	0	0	0	0	0	0	354	0	0	0	0	0	0	0	485	0	0	0	0	0	0	0	0	238	0	0	0	0	0	0	0	452	0	0	0	0	0	0	0	0	0	278	0	0	0	0	0	0	0	0	0	0	0	0
CRUK0083_SU_T1-R4	445	0	0	0	772	508	0	0	0	0	0	0	0	0	0	0	0	0	0	0	0	0	0	0	0	0	0	0	0	0	0	0	0	0	0	0	0	0	0	388	0	0	0	0	0	0	537	0	0	0	0	0	452	0	0	664	0	0	0	0	0	0	0	943	0	0	0	0	0	0	0	0	0	815	0	0	0	0	0	0	0	0	0	0	0	0
CRUK0084_SU_T1-R1	507	0	0	0	697	902	0	0	0	0	0	0	0	0	0	0	0	0	0	0	0	0	0	0	0	0	0	0	0	0	0	0	0	0	0	0	0	0	414	0	0	0	0	0	0	0	519	0	0	0	0	0	0	0	0	500	0	0	0	0	0	0	0	1006	0	0	0	0	0	0	0	0	0	720	0	0	0	0	0	0	0	0	0	0	0	0
CRUK0084_SU_T1-R2	0	0	0	0	0	861	0	297	0	0	0	0	0	0	0	0	0	0	0	0	0	0	0	0	0	0	0	0	0	0	0	0	0	0	0	0	0	0	321	0	0	0	0	0	0	0	557	0	0	0	0	0	0	0	0	464	0	0	0	0	0	0	0	667	0	0	0	0	0	0	0	0	0	610	0	0	0	0	0	0	0	0	0	0	0	0
CRUK0084_SU_T1-R3	378	0	0	0	1000	705	0	0	0	0	0	0	0	0	0	0	0	0	0	0	0	0	0	0	0	0	0	0	0	0	0	0	0	0	0	0	0	0	346	410	0	0	0	0	0	0	0	0	0	0	0	0	0	0	0	456	0	0	0	0	0	0	0	955	0	0	0	0	0	0	0	0	0	787	0	0	0	0	0	0	0	0	0	0	0	0
CRUK0084_SU_T1-R4	338	0	0	0	653	676	0	0	0	0	0	0	0	0	0	0	0	0	0	0	0	0	0	0	0	0	0	0	0	0	0	0	0	0	0	0	0	0	368	301	0	0	0	0	0	0	555	0	0	0	0	0	0	0	0	445	0	0	0	0	0	0	0	823	0	0	0	0	0	0	0	0	0	720	0	0	0	0	0	0	0	0	0	0	0	0
CRUK0085_SU_T1-R1	0	0	0	0	0	474	0	0	0	0	0	0	0	0	0	0	0	0	0	0	0	0	0	0	0	0	0	0	0	0	0	0	0	211	0	0	0	0	327	0	0	0	0	0	0	0	368	0	0	0	0	0	0	0	0	214	0	0	0	0	0	0	0	421	0	0	0	0	0	0	0	0	0	301	0	0	0	0	0	0	257	0	0	0	0	0
CRUK0085_SU_T1-R2	0	0	0	291	0	371	0	0	0	0	0	0	0	0	0	0	0	0	277	0	0	0	0	0	0	0	0	0	0	0	0	0	0	0	0	0	0	0	0	0	0	0	0	0	0	0	456	0	0	0	0	0	0	0	0	330	0	0	0	0	0	0	0	311	0	0	0	0	0	0	0	0	0	249	0	0	0	0	0	0	0	0	0	0	0	0
CRUK0085_SU_T1-R3	0	0	0	444	0	931	0	396	0	0	0	0	0	0	0	0	0	0	0	0	0	0	0	0	0	0	0	0	0	0	0	0	0	0	0	0	0	0	0	0	0	0	0	0	0	0	842	0	0	0	0	0	0	0	0	0	0	0	0	0	0	0	0	897	0	0	0	0	0	0	0	0	0	679	0	0	0	0	0	0	0	0	0	0	0	0
CRUK0085_SU_T1-R4	0	0	0	405	0	934	0	0	0	0	0	0	0	0	0	0	0	0	0	0	0	0	0	0	0	0	0	0	0	0	0	0	0	0	0	0	0	0	415	0	0	0	0	0	0	0	888	0	0	0	0	0	0	0	0	494	0	0	0	0	0	0	0	885	0	0	0	0	0	0	0	0	0	577	0	0	0	0	0	0	404	0	0	0	0	0
CRUK0086_SU_T1-R1	0	0	0	0	0	1713	0	0	0	0	0	0	0	0	0	0	0	0	0	0	0	0	0	0	0	0	0	0	0	0	0	0	0	606	0	0	0	0	564	0	0	0	0	0	0	0	1066	0	0	0	0	0	0	0	0	722	0	0	0	0	0	0	0	1434	0	0	0	0	0	0	0	0	0	656	0	0	0	0	0	0	0	0	0	0	0	0
CRUK0086_SU_T1-R2	0	0	0	0	0	1386	0	0	0	0	0	0	0	0	0	0	0	0	0	0	0	0	0	0	0	0	0	0	0	0	0	0	0	0	0	0	0	0	734	529	0	0	0	0	0	0	898	0	0	0	0	0	0	0	0	683	0	0	0	0	0	0	0	1505	0	0	0	0	0	0	0	0	0	867	0	0	0	0	0	0	0	0	0	0	0	0
CRUK0086_SU_T1-R4	0	0	0	0	0	1147	0	0	0	0	0	0	0	0	0	0	0	0	0	0	0	0	0	0	0	0	0	0	0	0	0	0	0	478	0	0	0	0	0	0	0	0	0	0	0	0	655	0	0	0	0	0	0	0	0	0	0	0	0	0	0	0	0	1063	0	0	0	0	0	0	0	0	0	630	0	0	0	0	0	0	0	0	0	0	0	0
CRUK0087_SU_T1-R1	0	0	0	0	0	383	0	0	0	0	0	0	0	0	0	0	0	0	0	0	0	0	0	0	0	0	0	0	0	0	0	0	0	0	0	0	0	0	213	0	0	0	0	0	0	0	282	0	0	0	0	0	0	0	0	0	0	0	0	0	0	0	0	382	0	0	0	0	0	0	0	0	0	319	0	0	0	0	0	0	0	0	0	0	0	0
CRUK0087_SU_T1-R2	0	0	0	0	0	926	0	0	0	0	0	0	0	0	0	0	0	0	0	0	0	0	0	0	0	0	0	0	0	0	0	0	0	0	0	0	0	0	404	0	0	0	0	0	0	0	617	0	0	0	0	0	0	0	0	455	0	0	0	0	0	0	0	893	0	0	0	0	0	0	0	0	0	391	0	0	0	0	0	0	0	0	0	0	0	0
CRUK0087_SU_T1-R3	0	0	0	0	0	826	0	0	0	0	0	0	0	0	0	0	0	0	0	0	0	0	0	0	0	0	0	0	0	0	0	0	0	0	0	0	0	0	412	0	0	0	0	0	0	0	583	0	0	0	0	0	0	0	0	484	0	0	0	0	0	0	0	844	0	0	0	0	0	0	0	0	0	357	0	0	0	0	0	0	0	0	0	0	0	0
CRUK0088_SU_T1-R1	0	0	0	0	0	1199	0	0	0	0	0	0	0	0	0	0	0	0	0	0	0	0	0	0	0	0	0	0	0	0	0	0	0	0	0	0	0	0	729	0	0	0	0	0	0	0	929	0	0	0	0	0	0	0	0	569	0	0	0	0	0	0	0	1419	0	0	0	0	0	0	0	0	0	951	0	0	0	0	0	0	0	0	0	0	0	0
CRUK0088_SU_T1-R2	0	0	0	0	0	688	0	0	0	0	0	0	0	0	0	0	0	0	0	0	0	0	0	0	0	0	0	0	0	0	0	0	0	351	0	0	0	0	288	0	0	0	0	0	0	0	605	0	0	0	0	0	0	0	0	397	0	0	0	0	0	0	0	609	0	0	0	0	0	0	0	0	0	356	0	0	0	0	0	0	0	0	0	0	0	0
CRUK0089_SU_T1-R1	0	0	0	0	0	372	0	0	0	0	0	0	0	0	0	0	0	135	0	0	0	0	0	0	0	0	0	0	0	0	0	0	0	0	0	0	0	0	0	171	0	0	0	0	0	0	138	0	0	0	0	0	0	0	0	142	0	0	0	0	0	0	0	362	0	0	0	0	0	0	0	0	0	319	0	0	0	0	0	0	0	0	0	0	0	0
CRUK0089_SU_T1-R2	0	0	0	826	0	454	0	0	0	0	0	0	0	0	0	0	0	0	0	0	0	0	0	0	0	0	0	0	0	0	0	0	0	0	0	0	404	0	0	0	0	0	0	0	0	0	439	0	0	0	0	0	0	0	0	287	0	0	0	0	0	0	0	597	0	0	0	0	0	0	0	0	0	480	0	0	0	0	0	0	0	0	0	0	0	0
CRUK0090_SU_T1-R1	305	0	0	0	1034	0	0	0	0	0	0	0	0	0	0	0	0	0	0	0	0	0	0	0	0	0	0	0	0	0	0	0	0	0	0	0	0	0	0	0	0	0	0	0	0	0	0	0	0	0	0	0	0	0	0	188	0	0	0	0	0	0	0	367	0	0	0	0	0	0	0	0	0	260	0	0	0	0	0	0	0	0	0	0	0	0
CRUK0090_SU_T1-R2	0	0	0	0	1002	893	0	0	0	0	0	0	0	0	0	0	0	0	0	0	0	0	0	0	0	0	0	0	0	0	0	828	0	0	0	0	932	0	0	0	0	0	0	0	0	0	1194	0	0	0	0	0	0	0	0	704	0	0	0	0	0	0	0	1137	0	0	0	0	0	0	0	0	0	869	0	0	0	0	0	0	817	0	0	0	0	0
CRUK0091_SU_T1-R1	200	0	0	0	359	465	0	0	0	0	0	0	0	0	0	0	0	0	0	0	0	0	0	0	0	0	0	0	0	0	0	0	0	0	0	0	0	0	246	212	0	0	0	0	0	0	268	0	0	0	0	0	0	0	0	287	0	0	0	0	0	0	0	524	0	0	0	0	0	0	0	0	0	437	0	0	0	0	0	0	0	0	0	0	0	0
CRUK0091_SU_T1-R2	0	0	2345	0	0	1927	0	0	0	0	0	0	0	0	0	0	0	0	0	0	0	0	0	0	0	0	0	0	0	0	0	0	0	0	0	0	0	0	661	0	0	0	0	0	0	0	0	0	0	0	0	0	0	0	0	1007	0	0	0	0	0	0	0	1895	0	0	0	0	0	0	0	0	0	632	0	0	0	0	0	0	0	0	0	0	0	0
CRUK0092_SU_T1-R1	0	0	1632	0	0	678	0	0	0	0	0	0	0	0	0	0	0	0	0	0	0	0	0	0	0	0	0	0	0	0	0	0	356	0	0	0	0	0	0	0	0	0	0	0	0	0	0	0	0	0	0	0	0	0	0	550	0	0	0	0	0	0	0	640	0	0	0	0	0	0	0	0	0	465	0	0	0	0	0	0	0	0	0	0	0	0
CRUK0092_SU_T1-R2	0	0	2332	0	0	1616	0	0	0	0	0	0	0	0	0	0	0	0	0	0	0	0	0	0	0	0	0	0	0	0	0	0	0	0	0	0	0	0	0	0	0	0	0	0	0	0	0	0	0	618	0	0	0	0	0	1343	0	0	0	0	0	0	0	1221	0	0	0	0	0	0	0	0	0	0	0	0	0	0	0	0	0	0	0	0	0	0
CRUK0093_SU_T1-R1	0	0	0	0	0	433	0	0	0	0	0	0	0	0	0	0	0	0	0	0	0	0	0	0	0	0	0	0	0	0	0	0	0	159	0	0	0	0	307	185	0	0	0	0	0	0	318	0	0	0	0	0	0	0	0	217	0	0	0	0	0	0	0	445	0	0	0	0	0	0	0	0	0	332	0	0	0	0	0	0	0	0	0	0	0	0
CRUK0093_SU_T1-R2	0	0	0	367	510	723	0	0	0	0	0	0	0	0	0	0	0	0	0	0	0	0	0	0	0	0	0	0	0	0	0	280	0	0	0	0	0	0	0	0	0	0	0	0	0	0	0	0	0	0	0	0	0	0	0	294	0	0	0	0	0	0	0	683	0	0	0	0	0	0	0	0	0	410	0	0	0	0	0	0	0	0	0	0	0	0
CRUK0094_SU_T1-R1	0	0	339	0	0	947	0	0	0	0	0	0	0	0	0	0	0	0	0	0	0	0	0	0	0	0	0	0	0	0	0	0	0	0	0	0	0	0	351	0	0	0	0	0	0	0	591	0	0	0	0	0	0	0	0	423	0	0	0	0	0	0	0	1035	0	0	0	0	0	0	0	0	0	506	0	0	0	0	0	0	0	0	0	0	0	0
CRUK0094_SU_T1-R2	0	0	0	0	0	843	0	0	0	0	0	0	0	0	0	0	0	0	0	0	0	0	0	0	0	0	0	0	0	0	0	0	0	0	0	0	0	0	259	0	0	0	0	0	0	0	508	0	0	0	0	0	0	0	0	510	0	0	0	0	0	0	0	690	0	0	0	0	0	0	0	0	0	334	0	0	0	0	0	0	0	0	0	0	0	0
CRUK0094_SU_T1-R3	0	0	0	0	0	501	0	172	0	0	0	0	0	0	0	0	0	0	0	0	0	0	0	0	0	0	0	0	0	0	0	0	0	0	0	0	0	0	0	0	0	0	0	0	0	0	377	0	0	0	0	0	0	0	0	265	0	0	0	0	0	0	0	572	0	0	0	0	0	0	0	0	0	325	0	0	0	0	0	0	0	0	0	0	0	0
CRUK0094_SU_T1-R4	0	0	0	0	0	1262	0	427	0	0	0	0	0	0	0	0	0	0	0	0	0	0	0	0	0	0	0	0	0	0	0	0	0	0	0	0	0	0	429	0	0	0	0	0	0	0	605	0	0	0	0	0	0	0	0	547	0	0	0	0	0	0	0	1148	0	0	0	0	0	0	0	0	0	512	0	0	0	0	0	0	0	0	0	0	0	0
CRUK0095_SU_T1-R1	0	0	0	0	0	848	0	0	0	0	0	0	0	0	0	0	0	0	0	0	0	0	0	0	0	0	0	0	0	0	0	0	0	0	0	0	0	0	439	0	0	0	0	0	0	0	581	0	0	0	0	0	0	0	0	429	0	0	0	0	0	0	0	1065	0	0	0	0	0	0	0	0	0	650	0	0	0	0	0	0	0	0	0	0	0	0
CRUK0095_SU_T1-R2	0	0	0	0	0	1075	0	0	0	0	0	0	0	0	0	0	0	0	0	0	0	0	0	0	0	0	0	0	0	0	0	0	0	470	0	0	0	0	448	457	0	0	0	0	0	0	871	0	0	0	0	0	0	0	0	553	0	0	0	0	0	0	0	954	0	0	0	0	0	0	0	0	0	827	0	0	0	0	0	0	0	0	0	0	0	0
CRUK0095_SU_T1-R3	0	0	0	0	0	923	0	0	0	0	0	0	0	0	0	0	0	0	0	0	0	0	0	0	0	0	0	0	0	0	0	0	0	0	0	0	0	0	0	0	0	0	0	0	0	0	770	0	0	0	0	0	0	0	0	453	0	0	0	0	0	0	0	957	0	0	0	0	0	0	0	0	0	745	0	0	0	0	0	0	0	0	0	0	0	0
CRUK0096_SU_T1-R1	0	0	0	155	0	121	0	0	0	0	0	0	0	0	0	0	0	0	0	0	0	0	0	0	0	0	0	0	0	0	0	0	0	0	0	0	0	0	110	0	0	0	0	0	0	0	163	0	0	122	0	0	0	0	0	81	0	0	0	0	0	0	0	142	0	0	0	0	0	0	0	0	0	92	0	0	0	0	0	0	0	0	0	0	0	0
CRUK0096_SU_T1-R2	93	0	0	0	132	0	0	0	0	0	0	0	0	0	0	0	0	0	0	0	0	0	0	0	0	39	0	0	0	0	0	0	0	0	0	0	0	0	0	65	0	0	0	0	0	0	46	0	0	0	0	0	0	0	0	87	0	0	0	0	0	0	0	102	0	0	0	0	0	0	0	0	0	70	0	0	0	0	0	0	0	0	0	0	0	0
CRUK0096_SU_T1-R3	0	0	0	0	0	476	0	0	0	0	0	0	0	0	0	0	0	0	0	0	0	0	0	0	0	0	0	0	0	0	0	0	0	0	0	0	0	0	284	0	0	0	0	0	0	0	311	0	0	0	0	0	0	0	0	347	0	0	0	0	0	0	0	411	0	0	0	0	0	0	0	0	0	394	0	0	0	0	0	0	0	0	0	0	0	0
CRUK0096_SU_T1-R4	216	0	0	163	0	278	0	0	0	0	0	0	0	0	0	0	0	0	0	0	0	0	0	0	0	0	0	0	0	0	0	0	0	0	0	0	0	0	0	0	0	0	0	0	0	0	381	0	0	0	0	0	0	0	0	388	0	0	0	0	0	0	0	438	0	0	0	0	0	0	0	0	0	232	0	0	0	0	0	0	0	0	0	0	0	0
CRUK0096_SU_T1-R5	105	0	0	195	0	136	0	0	0	0	0	0	0	0	0	0	0	116	0	0	0	0	0	0	0	0	0	0	0	0	0	0	0	0	0	0	0	0	0	0	0	0	0	0	0	0	89	0	0	0	0	0	0	0	0	0	0	0	0	0	0	0	0	181	0	0	0	94	0	0	0	0	0	123	0	0	0	0	0	0	0	0	0	0	0	0
CRUK0096_SU_T1-R6	0	0	0	505	0	1259	0	421	0	0	0	0	0	0	0	0	0	0	0	0	0	0	0	0	0	0	0	0	0	0	0	0	0	0	0	0	0	0	430	0	0	0	0	0	0	0	705	0	0	0	0	0	0	0	0	590	0	0	0	0	0	0	0	1135	0	0	0	0	0	0	0	0	0	669	0	0	0	0	0	0	0	0	0	0	0	0
CRUK0096_SU_T1-R7	0	0	0	176	0	267	0	0	0	0	0	0	0	0	0	0	0	156	0	0	0	0	0	0	0	0	0	0	0	0	0	0	0	0	0	0	0	0	0	177	0	0	0	0	0	0	138	0	0	0	0	0	0	0	0	0	0	0	0	0	0	0	0	324	0	0	0	0	0	0	0	0	0	271	0	0	0	0	0	0	0	0	0	0	0	0
CRUK0097_SU_T1-R1	0	0	0	0	0	466	0	0	0	0	0	0	0	0	0	0	0	0	0	0	0	0	0	0	0	0	0	0	0	0	0	0	0	0	0	0	0	0	0	185	0	0	0	0	188	0	333	0	0	0	0	0	0	0	0	189	0	0	0	0	0	0	0	477	0	0	0	0	0	0	0	0	0	361	0	0	0	0	0	0	0	0	0	0	0	0
CRUK0097_SU_T1-R2	0	0	0	0	0	1586	0	0	0	0	0	0	0	0	0	0	0	0	0	0	0	0	0	0	0	0	0	0	0	0	0	0	0	0	0	0	0	0	809	0	0	0	0	0	0	0	976	0	0	0	0	0	0	0	0	660	0	0	0	0	0	0	0	1376	0	0	0	0	0	0	0	0	0	863	0	0	0	0	0	0	0	0	0	0	0	0
CRUK0098_SU_T1-R1	154	0	0	0	315	332	0	0	0	0	0	0	0	0	0	0	0	0	0	0	0	0	0	0	0	0	0	0	0	0	0	0	0	0	0	0	0	0	165	149	0	0	0	0	166	0	0	0	0	0	0	0	0	0	0	232	0	0	0	0	0	0	0	337	0	0	0	0	0	0	0	0	0	283	0	0	0	0	0	0	0	0	0	0	0	0
CRUK0098_SU_T1-R2	0	0	0	450	0	585	0	309	0	0	0	0	0	0	0	0	0	0	0	0	0	0	0	0	0	0	0	0	0	0	0	0	0	0	0	0	0	0	0	0	0	0	0	0	0	0	515	0	0	0	0	0	0	0	0	349	0	0	0	0	0	0	0	577	0	0	0	0	0	0	0	0	0	376	0	0	0	0	0	0	349	0	0	0	0	0
CRUK0098_SU_T1-R3	0	0	0	1009	0	1309	0	0	0	0	0	0	0	0	0	0	0	0	0	0	0	0	0	0	0	0	0	0	0	0	0	0	0	0	0	0	0	0	463	0	0	0	0	0	0	0	627	0	0	0	0	0	0	0	0	490	0	0	0	0	0	0	0	1154	0	0	0	0	0	0	0	0	0	1021	0	0	0	0	0	0	0	0	0	0	0	0
CRUK0099_SU_T1-R1	0	0	0	0	0	1404	0	0	0	0	0	0	0	0	0	0	0	0	0	0	0	0	0	0	0	0	0	0	0	0	0	0	0	0	0	0	0	0	441	0	0	0	0	0	0	0	798	0	0	0	0	0	0	0	0	604	0	0	0	0	0	0	0	1170	0	0	0	0	0	0	0	0	0	919	0	0	0	0	0	0	0	0	0	0	0	0
CRUK0099_SU_T1-R2	0	0	145	0	0	336	0	0	0	0	0	0	0	0	0	0	0	0	0	0	0	0	0	0	0	0	0	0	0	0	0	0	0	0	0	0	0	0	0	0	0	0	0	0	0	0	229	0	0	0	0	0	0	0	0	300	0	0	0	0	0	0	0	333	0	0	0	0	0	0	0	0	0	0	0	0	0	0	0	0	0	0	0	0	0	0
CRUK0099_SU_T1-R3	0	0	0	0	0	317	0	0	0	0	0	0	0	0	0	0	0	0	0	0	0	0	0	0	0	0	0	0	0	0	0	0	0	0	0	0	0	0	0	0	0	0	0	0	0	0	192	0	0	0	0	0	0	0	0	212	0	0	0	0	0	0	0	291	0	0	0	0	0	0	0	0	0	262	0	0	0	0	0	0	0	0	0	0	0	0
CRUK0099_SU_T1-R4	0	0	0	0	0	345	0	0	0	0	0	0	0	0	0	0	0	0	0	0	0	0	0	0	0	0	0	0	0	0	0	0	0	147	0	0	0	0	174	0	0	0	0	0	0	0	144	0	0	0	0	0	116	0	0	0	0	0	0	0	0	0	0	353	0	0	0	0	0	0	0	0	0	315	0	0	0	0	0	0	118	0	0	0	0	0
CRUK0099_SU_T1-R5	0	0	0	0	0	730	0	0	0	0	0	0	0	0	0	0	0	0	0	0	0	0	0	0	0	0	0	0	0	0	0	0	0	0	0	0	0	0	361	0	0	0	0	0	0	0	473	0	0	0	0	0	0	0	0	415	0	0	0	0	0	0	0	805	0	0	0	0	0	0	0	0	0	514	0	0	0	0	0	0	0	0	0	0	0	0
CRUK0099_SU_T1-R6	0	0	0	0	0	603	0	176	0	0	0	0	0	0	0	0	0	0	0	0	0	0	0	0	0	0	0	0	0	0	0	0	0	0	0	0	0	0	279	0	0	0	0	0	0	0	477	0	0	0	0	0	0	0	0	341	0	0	0	0	0	0	0	451	0	0	0	0	0	0	0	0	0	404	0	0	0	0	0	0	0	0	0	0	0	0
CRUK0099_SU_T1-R7	0	0	0	0	0	467	0	149	0	0	0	0	0	0	0	0	0	0	0	0	0	0	0	0	0	0	0	0	0	0	0	0	0	0	0	0	0	0	203	0	0	0	0	0	0	0	372	0	0	0	0	0	0	0	0	277	0	0	0	0	0	0	0	437	0	0	0	0	0	0	0	0	0	231	0	0	0	0	0	0	0	0	0	0	0	0
CRUK0100_SU_T1-R1	0	0	0	0	0	936	0	0	0	0	0	0	0	0	0	0	0	0	0	0	0	0	0	0	0	0	0	0	0	0	0	0	0	0	0	0	0	0	340	308	0	0	0	0	0	0	531	0	0	0	0	0	0	0	0	528	0	0	0	0	0	0	0	869	0	0	0	0	0	0	0	0	0	524	0	0	0	0	0	0	0	0	0	0	0	0
CRUK0100_SU_T1-R2	357	0	0	0	415	814	0	0	0	0	0	0	0	0	0	0	0	0	0	0	0	0	0	0	0	0	0	0	0	0	0	0	0	0	0	0	0	0	359	0	0	0	0	0	0	0	503	0	0	0	0	0	305	0	0	629	0	0	0	0	0	0	0	840	0	0	0	0	0	0	0	0	0	559	0	0	0	0	0	0	0	0	0	0	0	0
CRUK0100_SU_T1-R3	0	0	0	507	0	914	0	0	0	0	0	0	0	0	0	0	0	0	0	0	0	0	0	0	0	0	0	0	0	0	0	0	0	0	0	0	0	0	0	0	0	0	0	0	0	0	598	0	0	0	0	0	0	0	0	459	0	0	0	0	0	0	0	824	0	0	0	0	0	0	0	0	0	469	0	0	0	0	0	0	0	0	0	0	0	0
